0.22703710909791,0.13258689828597187,0.30072619451753213,0.9555907777653058,0.42679993544552464,0.8003888546706609,0.155017816649629
0.1578726797730659,0.09951991681999636,0.06549239278234387,0.761362615625915,0.3728743882138362,0.7091042661516922,0.08062368338566339
0.16516861180184814,0.10408232052483753,0.48271513083508516,0.6900519094052908,0.04230106879149743,0.8312723810540608,0.1423962840206907
0.16278927066759283,0.10268487380982472,0.3217244805588689,0.7204386948105825,0.054349447818451704,0.8184099003827711,0.13803357068714242
0.2205838104014677,0.1291173732066656,0.36725557222049343,0.9116387152776193,0.8083373074700807,0.6825090127457364,0.0844014133283961
0.10603990963195423,0.07664968967303469,0.9531647951815224,0.35869635400679467,0.1603811854946679,0.7302984778630689,0.04977609242517909
0.17880390861421158,0.11011169038740139,0.34701665806652315,0.7710092969952862,0.20239169376835375,0.7989639419446171,0.1331182039133556
0.08241388511626303,0.06492184198640141,0.5490516803428876,0.3718071177933497,0.08437390223926054,0.7038891061942265,0.03481772934023385
0.22152354622902926,0.13120686348756214,0.8866283529899542,0.7953847389493931,0.1991295021919709,0.880627034831256,0.1838359746665066
0.18476211078170707,0.11206131573666449,0.04192146165586774,0.8637876585575262,0.49191560993514555,0.7117484731067775,0.09381995904641771
0.153699648008927,0.09760260585249761,0.15703958186130654,0.7231732398328774,0.4352581268471495,0.6883919795544866,0.06504053481457436
0.15798818559966954,0.10040164700253341,0.3506437902536032,0.6954557065110045,0.09430404545136117,0.8010181898263466,0.1255616940028096
0.2334502638502145,0.13652532269509549,0.524731513759938,0.9289109879354306,0.023229281573288667,0.9354075497636147,0.22829308655840683
0.17354830996824538,0.1068311731567545,0.47288229093651235,0.7131111198044205,0.9323010357293591,0.5834727846620655,0.006636109864195203
0.14193696048713195,0.09153403600395663,0.06456394891618843,0.6999479865206827,0.6934150422964834,0.5930233428407298,0.008708908925636168
0.18621482182737464,0.11403967778006235,0.6920394041556712,0.7129841428397756,0.2962584732466137,0.7949379911407743,0.1256452024232875
0.27094789750178316,0.15438890224392787,0.8039752248014832,0.9947968989948465,0.27606170381383294,0.9253695353241054,0.23148196003955332
0.21278894317037045,0.12669544734564622,0.9124898098561065,0.753862532307705,0.5045868372076563,0.7801667684799194,0.12305419375333794
0.137428184748819,0.09056586125020819,0.7725812226430698,0.5115726688634659,0.6552283334278988,0.6240036915460665,0.007289883190599193
0.2539676436184608,0.14589370375544547,0.8934382556028043,0.906283901267308,0.7124407680848222,0.7774022382348098,0.13901907399932845
0.07584707529713813,0.06119338067450968,0.10367170576110196,0.45699521381180597,0.021633446662368782,0.6963222661986306,0.03852361206547566
0.2053385323938556,0.12306390829480059,0.44449508450781594,0.8458507085901243,0.03500530226399304,0.8890570808922442,0.1924818354723316
0.11154064590393285,0.07789302012843438,0.1710615071499183,0.5680842572439759,0.256149334738351,0.6812009013845224,0.04318681639935083
0.13723002644868598,0.09069599566690485,0.5369830445865418,0.573083960546774,0.21572307819542608,0.7430536964728366,0.07986506110344357
0.11070842847349573,0.07861266460838408,0.8887329828946362,0.39019144118630206,0.269115414533978,0.7028575679079185,0.03781203452505032
0.2305367035775834,0.13522958394932819,0.9321753891653969,0.814531685674964,0.43487359264066994,0.8264282352236755,0.15597348324085022
0.2016553704108506,0.12134583226271102,0.4898321183026321,0.8210242314832543,0.06786748059711353,0.8759293985810612,0.18247921405999104
0.14394322678657553,0.09291327616922343,0.04718638578513257,0.7152270643549619,0.3567793934180934,0.6933233647507023,0.06640884254915663
0.17284521563058072,0.10720880112610348,0.7882917473918866,0.635511182730136,0.7747510342542961,0.6400811096529756,0.03063796235835807
0.21295521101722334,0.12610777745967375,0.15874884421490065,0.9422404627353134,0.11936220976441936,0.8647003215968292,0.18878522672290038
0.23927540138329662,0.13800125085079243,0.3240602920072763,0.9910701831371616,0.7373641316250804,0.7281465190738394,0.11886931105399925
0.1642603964262515,0.10227784050845241,0.32254504127154937,0.7165469289710797,0.8701685597527682,0.5828051495666753,0.006018597971281375
0.09571358298262453,0.0711367948521302,0.5972332534360922,0.40722393533135814,0.20411095253639566,0.6896824897415955,0.031177006717781418
0.13474626083916977,0.08894166993645511,0.4470949497989132,0.5823440718376486,0.5374009690054082,0.6424554959964869,0.02437303297654006
0.2680342222544704,0.15288053665395215,0.9723877647401065,0.9399546185826099,0.5664450302157841,0.8428595566318757,0.17979500058110895
0.2491650812034369,0.14311871619260388,0.6920461992707362,0.936316320616333,0.8468283454037224,0.7239492345587365,0.11177608693037991
0.1432804705527003,0.0928021892241899,0.018417162880662974,0.7218489262748509,0.1735315387985537,0.7447121408983193,0.095747489897059
0.21525141872265205,0.12760795231188454,0.9466530727674356,0.7519976216554569,0.7319489390056693,0.7186805553137425,0.0886487831181078
0.2055341578794589,0.12351182782337403,0.8921570433753656,0.7347098043057358,0.2937496147636476,0.8305414161837785,0.14888802587823463
0.19662112385460911,0.11883403447310657,0.8354157627706948,0.7130431252435724,0.5634874123829554,0.7371724955514243,0.09400537775758855
0.1410755936190864,0.09172728088013987,0.12879349136779758,0.6852681997076849,0.32431437586902884,0.701735654361153,0.06799723813602736
0.12963601205787664,0.08715388183306638,0.4676871295875944,0.5636271050186135,0.09387999570925282,0.7651979400841717,0.09084422715350633
0.23623948547380075,0.1377787257212177,0.9912278026182879,0.8189273417755706,0.6163399290124968,0.7838429701817562,0.13295161868192085
0.15350296477971911,0.09725687803833491,0.08743659424090414,0.7382313173775341,0.540658548409647,0.654817907728737,0.04773257882988595
0.14725618573908061,0.09477681330922551,0.4079689878603887,0.6372185858677306,0.5596921412347493,0.6522838290341085,0.036027325171443386
0.11093718313625237,0.07890359464512625,0.8006554828095427,0.41510029880738974,0.03188537717738346,0.7690435370290053,0.07727134695709528
0.18406204005709742,0.11326449967125346,0.6160354970571372,0.7266272007286618,0.02714649590991958,0.8674781282605311,0.1674042713360326
0.17943514395914767,0.10962208404431188,0.22976207705014584,0.7969094655806663,0.6480513241092059,0.6656491362393808,0.06115976100343662
0.15747113041058647,0.09970305623564266,0.31479902675661314,0.6990446720911255,0.38739774668791843,0.7135481044115484,0.07697685688479612
0.06075584262671099,0.054638406909015676,0.5219590224676395,0.2996309656235094,0.06919450453304907,0.6765341914292107,0.01109693544512331
0.20855291233170978,0.1249758799006772,0.9469046567878169,0.7319543919869386,0.3325059340697859,0.8255677954043544,0.14602610851552503
0.20428809193462635,0.12222278506471632,0.9842818283913678,0.7008277128897726,0.9166304626043731,0.6506834378690927,0.04493228967678514
0.17563776990090937,0.10829385024050614,0.46977595371682757,0.7253954053891893,0.5797816066402216,0.689048764251988,0.06699756723854455
0.14728302742306912,0.0946039074384783,0.2893991604994456,0.6661927917733211,0.5587192784133586,0.648207872770505,0.036589200523201804
0.1935681101295853,0.11744537573765121,0.47255809146159505,0.7954120684648766,0.09856258991777594,0.854853380253207,0.1676802772418925
0.17973295066217673,0.1109893966067932,0.5059781584965238,0.7372277398940257,0.06443375321000722,0.8463798705914435,0.15637626314503533
0.08330886992480371,0.06486564836303767,0.3837900163804957,0.4135024438127992,0.2465065165155705,0.6517868458889519,0.009829075627620275
0.17849328913343943,0.10964585699938786,0.20543781539185635,0.8035623661790687,0.2728400228918408,0.7727433605992478,0.12162868062577402
0.05555336637340037,0.051837500451297015,0.2864779624777345,0.3382846259155934,0.04319680747381227,0.6679840886576958,0.009778718466552747
0.1427066651823199,0.09318682371578871,0.5637795909843338,0.5853245336908228,0.32361354291613503,0.7203904160394112,0.06873603906468187
0.11211662277099524,0.07874937843087071,0.41329811750404766,0.5128625619826842,0.10738943953234367,0.7343513559940872,0.0675281246728674
0.06403694016222342,0.055957866766020714,0.31455276241521646,0.3628356603192724,0.0013471150515281284,0.6932741900477639,0.026854543582445534
0.10914840551297741,0.07698427530659442,0.451385665455078,0.48934059514207373,0.41653585221503103,0.6414628500270692,0.01310409315965453
0.20110476619984918,0.12029534963585589,0.38731788412878554,0.8388302288505655,0.531371597483794,0.7362822582785515,0.1061133625648276
0.10228624803692779,0.07495197412766458,0.9630565457923079,0.34314014052135255,0.11231551323484798,0.7393379673694652,0.05307098599783984
0.10265318279053046,0.07386473451734969,0.17971076556582113,0.5349681531116341,0.131534289580707,0.7052059295631586,0.05280718348139513
0.24826663894692952,0.14296278032730106,0.9749316120755186,0.8627298774475488,0.976931773709193,0.6952530062655466,0.08846556065282607
0.09775590603518684,0.0715563564433809,0.289165002420234,0.4891557133427131,0.2501320600389019,0.6677482527725483,0.027069510980598042
0.21183596180791991,0.1260683641163624,0.8269211021580961,0.770887499746552,0.534599455857929,0.7668935646017485,0.11724179425710463
0.18116740093493033,0.11179194047797605,0.6346718397172626,0.7104707323484567,0.12346682559742689,0.8359891688815917,0.14803478611245202
0.15896116328175444,0.0997856520062324,0.01788978310414418,0.7754858965586798,0.5019805006567938,0.6712644969190602,0.06091957603631777
0.12426922202217192,0.08444675391261437,0.7332932067753832,0.474627750556928,0.5243128793909118,0.6419974525129801,0.012907053340092277
0.10969175727558253,0.07714577994968816,0.45022225516969466,0.49083351156063076,0.48598455745196395,0.6219547405811438,0.0023774565130523597
0.21222230529273428,0.1256898516028425,0.18572935445333832,0.9320733400367881,0.20293017369874483,0.8403083529572863,0.17410571017628154
0.23666148356459765,0.13754170024403226,0.7602789113706818,0.8760928250724187,0.6701021126870625,0.7602109954988228,0.12536685056093796
0.20532406904125305,0.12302834830538337,0.908297547621379,0.7266612654760543,0.5959120747985587,0.7427929588071763,0.09902644625973121
0.10127548333088318,0.07278893177312244,0.17671566061170474,0.5272490195817741,0.4403065109216614,0.6131626860034244,5.036570062227969E-4
0.13788935280030218,0.09079110531666236,0.5442449078768172,0.5718457151663052,0.38453633083549393,0.6950685385564239,0.052956663587579195
0.2559657808561565,0.14669874582638598,0.8462337712893917,0.9245079893934158,0.7620574381895613,0.7640325473692657,0.13345479857631484
0.08224575874590302,0.06449374326585881,0.32139060822186144,0.4267039027972323,0.07662745638959359,0.6974638772684992,0.036593974335730306
0.2148171463802889,0.12654254275748894,0.3804764148923752,0.88851956136503,0.7075952427859169,0.7041613845112099,0.09388116003512191
0.13915429195822732,0.091805748398572,0.7184278128155432,0.535204353484341,0.2806815159956605,0.7335887991621411,0.0709819807500782
0.17766384585523673,0.10918680088700404,0.6329899907822695,0.6903895555038577,0.819144839173272,0.6282317212473754,0.029691667264141394
0.06688159188574139,0.057407826445625615,0.4026037497075792,0.35146817574011385,0.028376908674936058,0.6927054141773965,0.02560061118868851
0.10494126018749561,0.07609532378534571,0.8984292350631353,0.3684468925499673,0.12166357832780281,0.7379894867736465,0.05496280012212688
0.16315704990488566,0.10211137955011432,0.2956746187951928,0.7223324345053161,0.5759297678313325,0.6659805117955789,0.05301948801071685
0.19939243742865376,0.11983057685491867,0.93357959423666,0.6953863336792547,0.9112977174198371,0.6434008065230808,0.04002123374506091
0.20924595782315003,0.12492398947112485,0.434336281986748,0.8627690670442391,0.016691425645419422,0.8995688221729854,0.20026104168254458
0.19638566120922554,0.1193163039789743,0.8204334264195638,0.7208900214648261,0.10775990679352491,0.8690788954683841,0.16850785687296072
0.04853303097867598,0.04832886707625378,0.143707179124005,0.34780279519815827,0.011752181949057472,0.6618767382038919,0.0068576884391198245
0.2511282274100812,0.14484577736210785,0.8460481612471602,0.9105193850445401,0.4378254690632501,0.851631640396978,0.18075785531857597
0.1879515462101639,0.11446713673916192,0.7508623758960737,0.7009955875371692,0.6565297856357001,0.6946061161498025,0.06848398257176233
0.1340390096769037,0.08803286705576548,0.07779505144738774,0.6697414354491495,0.5311023469041193,0.629589174365393,0.02569895051640364
0.09623759248944791,0.07198700173762776,0.814986630022458,0.3582407037901817,0.013228026381602587,0.7541254910591129,0.062439959027835
0.2630340790330316,0.15052125478828102,0.8042492905704229,0.9649138667149088,0.3636127387434504,0.8886232663416016,0.20751421575092147
0.1918978989742039,0.11653865018477445,0.7744501540772338,0.7109852971610529,0.5350448763176904,0.7364882842503946,0.09312579401291823
0.17296682286417994,0.10714194382058576,0.7955927959804642,0.6330631134956826,0.8751182568069052,0.6112781942325812,0.014302101821003443
0.1874766439940355,0.1141707469072385,0.48666905198187504,0.7664091563622757,0.40178264388998514,0.7583647939560939,0.11051106448873502
0.16858000811871163,0.10454205902539183,0.27980400852117393,0.7450312468847214,0.6597920387241126,0.6486601868762538,0.045899086990303956
0.20549816816697747,0.12313354698719242,0.8141891820966483,0.7516077369971368,0.469635981841121,0.7763461886682671,0.12024119578757368
0.12083859193778729,0.08220754331085248,0.1389805018666223,0.6094551325094462,0.2857737794869348,0.6845898361908676,0.04971682070100242
0.24425397316806002,0.14178712053455797,0.9233105651105298,0.867280684655493,0.3813942373866689,0.8611735301613351,0.18142598854339634
0.22860645533822904,0.13319647004368426,0.496814556537413,0.9099437670504118,0.7538598446005269,0.7145877610226277,0.10267219375590246
0.2747771147676552,0.1554876652037213,0.88862939931816,0.9811910584551282,0.9026447724753277,0.7513669979434877,0.13310417779852873
0.19166905112554777,0.11636087394285187,0.3143253789336477,0.8275418609820121,0.0507929046621218,0.8602062805872208,0.17370253607951258
0.07270944135393685,0.060917519119440953,0.8598147150671046,0.2616295068828452,0.00794493140978092,0.7238970971977982,0.034601375870103236
0.21006081183067876,0.12466806905349519,0.7965460073762373,0.7676233891516451,0.9120259819970554,0.6532646023391704,0.05328145024067071
0.24576988766250685,0.14187414791999434,0.4605488508035384,0.9862704599477462,0.3087572419970898,0.8673303361724111,0.19662229569879863
0.14953404098368886,0.09624964364650689,0.5466610977540567,0.6131897561524591,0.43056740899432816,0.6982905339968266,0.05953747690757544
0.2500841387057938,0.14301801685154755,0.44536390732640807,0.9985146040554805,0.9554800796123479,0.6844454575479374,0.09584168786738564
0.05521193843616979,0.05117424730909563,0.007995346996566021,0.40432484709526323,0.08927079857954393,0.6437447270070159,0.002676209511628832
0.2091609625685611,0.12473257721760905,0.4673127996733636,0.8527672776646016,0.16662093791238639,0.8569824224265684,0.1754658164490654
0.12754791045926384,0.0853978917248723,0.09156929467240259,0.6461587620671941,0.22206666448662615,0.7109284234414112,0.06845865775859919
0.12370637815315703,0.08392193965000788,0.29342718397973605,0.5832268910357906,0.20298160854236252,0.7185180026899854,0.06629529759352229
0.19474287986540423,0.11878919394920148,0.9800649728711626,0.6760365763814572,0.10810168393944647,0.872565624249819,0.16595954792953438
0.09450118552368053,0.0701624750427535,0.4551876821492652,0.43594438428064997,0.33397501805674285,0.6448498500135859,0.008849617321686633
0.15799085310718275,0.09993961818026037,0.36673570528092214,0.6875451080093571,0.45497686784423497,0.6965206131031808,0.06636257337370205
0.22036539464578597,0.12982792877958704,0.37585650215311556,0.9153056750454994,0.21752103881535118,0.8546784690093616,0.18100629522259404
0.06702415353502272,0.05774563720440542,0.5627028194160514,0.3131582185848936,0.015202636461231003,0.7026847316648589,0.02743510926336001
0.18971154909343935,0.11454801263740023,0.5392459300336138,0.7554931152013455,0.9660420025480065,0.5990680507536703,0.02051907820667933
0.11657087990112913,0.080897617454442,0.7285659876970292,0.44858500441853577,0.4463078648733253,0.6536140326891797,0.016368547225295817
0.15393398733831876,0.09775654650418547,0.037356346832852244,0.7550611878978898,0.26431109305648337,0.7340991491693403,0.09373443247857581
0.13696912935878824,0.08967311545722065,0.09162351140668795,0.6789403571521329,0.3611999634431994,0.6837740486389985,0.05707810992984927
0.20847959401950816,0.12446903102394911,0.7783105877425448,0.7710411651577453,0.4847722095034441,0.7748411072285587,0.12149037054382957
0.11723205717542126,0.08070856978268497,0.485818408000466,0.5091117665589067,0.5345677722114659,0.6198318466135244,0.0034531528066045337
0.1373050342579763,0.08981941633237565,0.06628174418279559,0.6865561315132942,0.3411918084351134,0.6891417097359458,0.06084638993747546
0.1609989172887027,0.10049688476671498,0.1208820271491707,0.7544274004987626,0.8094707705175052,0.5883786425636258,0.012642460862635707
0.2161772635509564,0.12822814507099417,0.6914634984873727,0.8222802759688294,0.30099846751201276,0.8361081877408454,0.16124666315571695
0.16288259177579242,0.10225248725050907,0.273473877935978,0.7292445149442501,0.3499705667137273,0.7306104900731469,0.08981395963569516
0.13809728469918645,0.09060442580155345,0.5433967837888315,0.5704849136043187,0.5940459267596455,0.6342825160520686,0.018851114882628733
0.18305025169385522,0.1126380050799494,0.9554768347324563,0.6347142190166244,0.5307366656373753,0.7318863243440868,0.08252604796203432
0.09750782045416917,0.07186165388391161,0.5406922660115708,0.42723288574812335,0.23074223540551758,0.6823746291169198,0.029164013326519522
0.1672848015923527,0.10502695411691429,0.8760504648140396,0.5964536564765857,0.5428181803524066,0.7030193537064287,0.06165164330509614
0.18420014080777217,0.11264254512243238,0.7909748475703371,0.6766521040836105,0.7380650508685016,0.6670046118965032,0.0504321650093663
0.09840334765070194,0.07266274842866466,0.7379822697788632,0.3830057008387736,0.1822121178667553,0.705105681293541,0.03759524539765066
0.17283805476933145,0.10769016572137632,0.5160585665189138,0.7092462511538141,0.10016870430671665,0.826544000611813,0.142113103671317
0.06104699267615484,0.055311056992680845,0.8271220258990037,0.2268397343657386,0.029650512357562938,0.6997888435038606,0.016984252866956755
0.15493053431352855,0.09853402467268302,0.23580783864376725,0.7103189453725534,0.2698891751946814,0.7412499661550888,0.09341066924579076
0.20782376371000674,0.12394772999655722,0.511533134266109,0.8353176098491286,0.32975123938698836,0.8091871780023141,0.14695024761145348
0.13991319728397347,0.09126543137846517,0.0836211563112089,0.693339961185049,0.20614905068009318,0.7328414268186347,0.08610656126044144
0.14631186132505813,0.09425609071253703,0.12105249590169587,0.706730767429941,0.27992468254926706,0.7218235400386543,0.08165880353072363
0.18199411948433877,0.11163249286224211,0.2499769369657044,0.8075908536696247,0.08258653308690933,0.8348083617942003,0.15694265413674094
0.18475301758372678,0.11215725608512234,0.49467389643326215,0.7485069163086069,0.944783823179942,0.5965640285400287,0.018124420761193194
0.23818827558934091,0.13820068212537376,0.5606860126836397,0.9322984434251884,0.4853655354508161,0.8088090423540868,0.15814063511290388
0.1017728231587005,0.07279686733571761,0.022528854173895635,0.5667243374343297,0.4289409344702887,0.6114626480338555,0.0034522799535695683
0.2233693907284635,0.1303935033192341,0.442097614895027,0.9022475684241439,0.9276393859505645,0.6544787375983392,0.0679838273121727
0.2182189862682247,0.1297400772090451,0.8097191440657425,0.8038666266260943,0.036658249717655966,0.9204225123967418,0.2067098840513637
0.0852289742857662,0.06555544128777016,0.07135272807760974,0.4987966699202703,0.0452522406302517,0.7015716768133115,0.046141242047555986
0.1806771845208057,0.11028708581300567,0.3343755203800727,0.7752445053524954,0.7132955463147614,0.6522820473372932,0.051641110071520384
0.1804797206145708,0.10981349583285495,0.18948602515537347,0.8085560532066484,0.8251859337619974,0.6140234570219703,0.03350258245665761
0.232384955494214,0.13631052691395362,0.7759839590501272,0.8629913063584512,0.10161355429283947,0.920371699708589,0.2133608152357033
0.07499576522026644,0.06049877399799566,0.023897264545882566,0.4719576441593478,0.1437800939115849,0.656561046216939,0.0177061323367067
0.14271575630444158,0.09283430867364303,0.6187044617555931,0.568354161130709,0.6508919371021744,0.6270731875893174,0.014900481985267527
0.17587430495695172,0.1091260661419677,0.9650619977202042,0.6051836893232497,0.6246095482877236,0.6946916572747388,0.058388295318835305
0.1795105221444133,0.11033806470480238,0.7151908625014085,0.6783107103638194,0.7108441439675551,0.66546258230966,0.04943923646771582
0.079631267312338,0.06365028512474942,0.5456214562528257,0.36292771110684496,0.045832988589365575,0.7110387657568997,0.03777098833661249
0.1655513369318882,0.10320249805207267,0.1344884800971794,0.7720269613508245,0.4202913285934778,0.7087565611947512,0.08195448253056997
0.1471750927917047,0.09466128802561943,0.22923593030974881,0.6821118899207489,0.40861308553698683,0.689563312314095,0.061263943877645874
0.22483054412784326,0.13124699773391652,0.5770665881713616,0.8742928572345013,0.9657072066225221,0.6504678847948746,0.06309361026419541
0.25490640570006895,0.1466610975018907,0.5637334458920535,0.9968721846102292,0.09064927365760372,0.9476946487188468,0.24316389531771623
0.24242520221010197,0.13997559813954155,0.65160957882181,0.922527674095156,0.7627620270837301,0.7373694901453953,0.11750667587915815
0.22881311736711152,0.13465360721936304,0.9911086625426594,0.7951123000814878,0.32584533961658513,0.8579352589589415,0.17157831657276798
0.20318939541754372,0.12227899997216424,0.9090424769169887,0.7208361010440922,0.4033791457719078,0.7958905896248534,0.12800882242892075
0.0582626661264229,0.0528700630058471,0.1307978220237773,0.38601360932110046,0.047342047180971014,0.6648518034168217,0.012873659694493667
0.19330141970360726,0.11678850861212685,0.33410845653776117,0.8255877461619759,0.3290121143341643,0.7821877544972377,0.1299933188503762
0.144128432336415,0.09380512643597338,0.33390996624766195,0.6489835490310384,0.09694258927757915,0.7799357765826653,0.10835417651951815
0.06758412479789563,0.05745996812520703,0.22341745866199256,0.3976660900686705,0.02704666657142386,0.687445490227484,0.02723046582898312
0.24647061071826123,0.14172457035370076,0.4130176611644351,0.9970650282041225,0.608883628743835,0.7791078359616229,0.14839899400514536
0.13438993272357416,0.08910922827319674,0.6681466878806143,0.5271313209705056,0.5463582219379984,0.647537589252156,0.021782085114974536
0.16588992119281482,0.10363763907991053,0.3559338783243686,0.7187410883373664,0.4752147157134074,0.7014463421555308,0.07266731189724818
0.19789032541815754,0.11803285602125758,0.013112883024266053,0.9169884889898594,0.6417522087449314,0.6856718960661187,0.08527463742639979
0.08630921187494901,0.06617379002578805,0.22463212844225436,0.46431163002474735,0.14498056695980732,0.6797311467908673,0.030618825690006006
0.27068333530512234,0.1542661642156999,0.9061365448927835,0.9676636373280145,0.39302008083289586,0.894701575617982,0.21166042195771995
0.13865360671848453,0.09055396654143467,0.2790040412005137,0.6377206530609844,0.5181613838525643,0.6473793993690036,0.03279643844936378
0.18719806511642348,0.11293314418556644,0.09736219593171802,0.85614106965514,0.7647861675041064,0.6377527987709618,0.05185238183019761
0.22453017172956194,0.13241749792783047,0.7545412006316154,0.8384538110227301,0.20327069081318266,0.8787934211315087,0.1872189906824998
0.1618933186032942,0.10207984364284092,0.33934152071172474,0.7111778821798637,0.20810319990814496,0.7729872112797753,0.11167447251146637
0.18885630571987533,0.11404508872766381,0.09337088284425302,0.8658810800269119,0.5193114926893774,0.7114909618107691,0.09413717545204824
0.16932737005051426,0.10526649603530526,0.3510433031066609,0.7325257954849056,0.469346177914804,0.7078591909239511,0.07781839835675537
0.1918250819422467,0.11583586425253384,0.6955732553872254,0.7254668565567527,0.936505851104861,0.6164757425218318,0.02744170209861863
0.16227401572217526,0.10243797239788033,0.33727570910845805,0.714551139765723,0.07449845086553632,0.8123832468041764,0.1340549736435317
0.23007207762314277,0.13399612409884018,0.5429393588051892,0.9043232967942954,0.7298425572455054,0.72537943610999,0.10824671643373425
0.17211378426444446,0.10650792426730121,0.5832652669168896,0.6825038834149871,0.7976927332843512,0.624752614483787,0.026626712520323993
0.25248376283547097,0.14494740608365944,0.9857428838836406,0.8752193637892746,0.9993956743488259,0.695100105491466,0.08986761456039043
0.16116291946712227,0.10118188283823451,0.21951892877705417,0.7347128856310022,0.4760197409231207,0.6894358705098989,0.06722166508742992
0.17414229884708549,0.10803605084929384,0.45096081785864095,0.7284602265685645,0.22520877492690586,0.7895467536570645,0.12339235482905944
0.16330897208515732,0.10255951293556562,0.2933872954492295,0.7265537380901739,0.29563584100751006,0.747787738810108,0.09918069936360285
0.21378541057545608,0.126842451464404,0.7509538659033181,0.7962432150167763,0.5565665204053873,0.7604448770312288,0.11624277292743063
0.2007350654684441,0.12093174703274634,0.460110584355252,0.8254690869582139,0.017085589858960304,0.8883170155446147,0.1897830512012713
0.05568548407823536,0.05153587399857066,0.03793685286976473,0.3994993617014757,0.02279902300378378,0.664897592251933,0.01405947983910069
0.1761264621007268,0.10848139400884058,0.098942013023881,0.8218841935010355,0.1807185502875846,0.7922743505934043,0.1341956172241121
0.23231050720101212,0.13436287726979299,0.22182778087201166,0.9891200327545479,0.8682391333134792,0.6763223501051578,0.08926793649332533
0.2452046086923171,0.1417303808219973,0.9248749478182943,0.8661904517823342,0.7575229268088275,0.7529803291433694,0.12088824456952552
0.20543313371383998,0.12361257687006955,0.9016504521508076,0.7331251614157208,0.19510872052997058,0.8594934162952068,0.16491337978706383
0.16047616266917514,0.10225403297710496,0.7261750843770418,0.6137696242798043,0.03412031135633664,0.8360184210152666,0.13728174877428845
0.19331192332734248,0.11606025822432432,0.3532888560949974,0.8147028323219374,0.8925119434724872,0.6187131199185237,0.037529418840967915
0.169032661398309,0.10528350109149878,0.42944518726983116,0.7126353535267561,0.44497260638473773,0.7174505920243748,0.08121350771479964
0.1563070368252239,0.09946097938085902,0.47916469755399455,0.6551993575382896,0.3502646680970833,0.72881054742318,0.0811410220946065
0.2777486592624482,0.1580709690883365,0.9781184216270702,0.9787084932622117,0.139222902046515,0.9813653762318062,0.26163792002797104
0.20842583425206834,0.12444188690977277,0.6942012457211861,0.7923939954170073,0.3881308701316585,0.7998060144684185,0.13753704905620706
0.21983257385434418,0.12990120966718838,0.9362634860407143,0.7723643642394682,0.6292459146761152,0.7547315807750923,0.11108692642060058
0.17972508106645033,0.11146779797504172,0.9102491116350043,0.6375083873689533,0.17902608213339824,0.8279708979475703,0.13631235710643205
0.20996983698713154,0.12463513316338565,0.4534509540331779,0.8553317964568862,0.5052687126612634,0.7589374052677588,0.12095112607634695
0.15488151282243995,0.0986042639018673,0.6966761037801016,0.5927565090936808,0.7372084963952451,0.6220988149298344,0.01527129181572525
0.22464975286642413,0.13172978318983974,0.8012072074488713,0.8208289062534584,0.8069800230427402,0.7047763317706587,0.08820724950762858
0.14933057947410183,0.09611101660549366,0.5332779734979627,0.6155331862177849,0.44616263663287875,0.692960712294414,0.05677449209372499
0.22935722141104037,0.13409149203835652,0.5456486966791374,0.9045786626039899,0.4126265846178245,0.8168992946173078,0.1593954050040221
0.12543668274339123,0.0843422223182736,0.007878111372667376,0.6594651590076684,0.1655652403817373,0.7212888795145536,0.07542293410815926
0.18982367964608302,0.11560443980946358,0.9361930543883241,0.6623577576714255,0.6874456581170659,0.6951310958637053,0.06510864610285987
0.15136694609857737,0.09811141048325754,0.9746326182673799,0.5182914462496966,0.19541003526411538,0.7852913363794065,0.09899526203159538
0.15020142968682654,0.09704386795011163,0.6090918758222428,0.603533004229534,0.15039663378248264,0.7831945867494281,0.1061025041061271
0.23043486508481087,0.13455810075518398,0.6924179993816763,0.870520236115826,0.6158684060622103,0.7646503325496272,0.1269133991074569
0.2010319642101649,0.12117490580989362,0.5150627251868922,0.8133031090504674,0.00538496537710631,0.8941864665319179,0.19189111888949728
0.17754390618657812,0.11055908389479739,0.9626664469497543,0.6171419227731874,0.14798689669271214,0.8358604701494969,0.13859135147848178
0.18591902881035893,0.11424161984862015,0.7155236694469175,0.7086876466544956,0.07110080919848358,0.8609984818126103,0.16213985727086141
0.18888460590985548,0.11463818573946336,0.4683809068452418,0.7745940984695724,0.527847168436065,0.7229524960524824,0.09160225761477617
0.21919412654714668,0.12971568232417635,0.8399857018151,0.7956773919513509,0.4308831879780288,0.8080554981062578,0.14314451288528296
0.25955294133033713,0.14862635768571514,0.6282347900909606,0.9953375493687509,0.3400465891137256,0.8840159513374879,0.2077016367156322
0.27731929409650175,0.1576888664448346,0.8888711797163332,0.998559593887532,0.16724414051281128,0.9692800098478133,0.25679930395515876
0.18245912005436188,0.11103515388277885,0.13316180579634201,0.8325351387092068,0.5501418272864453,0.6948933734107291,0.08119001680032119
0.2026392843790115,0.12144083142375489,0.6369307342890732,0.7838595521905896,0.512993487408945,0.7530756735046922,0.11021214648692644
0.17333651723210125,0.10711563316612377,0.45012638591120424,0.721324968364925,0.6218039515393058,0.6728051134705638,0.05737303745129744
0.21767991489072697,0.1281869418767868,0.35832959312369417,0.9069910965619922,0.4692133475610908,0.7768708657905158,0.13652171861192894
0.12940178287645326,0.08776224740744445,0.8652439045251681,0.46674702457987005,0.025579023991600183,0.7995124812082905,0.10052187026084873
0.1485763220337703,0.09668356642585683,0.9860627158097474,0.5043241085983845,0.2867145029225654,0.7551444960777988,0.08059715820844726
0.17437282595672024,0.10710912569193407,0.2823266749825828,0.764044585553775,0.7937306115298162,0.6179555895648929,0.030957604366538972
0.16889812118791084,0.10562908442936912,0.6941677265696808,0.6476329401423848,0.4509096013285523,0.725347591174654,0.07925099029346927
0.095258133443796,0.07078686938074837,0.6670578869387672,0.3865646961902427,0.38437037966952625,0.639098385002742,8.428543745813144E-4
0.12351543547168138,0.08484707130176158,0.9842571583943341,0.4137470485467148,0.2572955576639565,0.7280417707993618,0.055001517682651525
0.15708732433886374,0.10031769599553851,0.7668606634787829,0.5882782907105648,0.32558636004224184,0.7477805904378383,0.08523861456820608
0.12870670424794028,0.08657013347434035,0.4878453155900552,0.5538970370885601,0.22321891575551545,0.7269364597792427,0.06844086501490868
0.07335630341903611,0.06003726485001122,0.12994169631235317,0.4413784988719396,0.03450566371268847,0.6900066188202856,0.03330656912959163
0.2030133010088268,0.1218829930600147,0.5003263996444984,0.8224133601694285,0.15846964849580214,0.8518470579328646,0.16923592052788203
0.16395740086612093,0.10299198753035807,0.6052605581985537,0.6499905629669814,0.5661067146044698,0.68146218525922,0.054636842964911114
0.12314647126712983,0.08466041729953824,0.9982258032035549,0.408724177372263,0.282292267868222,0.7207516850150352,0.050410416760255816
0.18775486062179536,0.11514426057634876,0.7074960414718018,0.7177060287331796,0.03751432781102318,0.8730961557964689,0.16990210544303955
0.24762375985792376,0.14247837978428046,0.8767278061809727,0.8840895589069593,0.995370289804953,0.6853244339022723,0.08496726410776373
0.126190567164787,0.08480235802645575,0.07525750248701238,0.6457827381510659,0.16798400226597776,0.7241542407513972,0.07573141992151251
0.17885642336215446,0.10925531161464884,0.21154701148692356,0.7987114091130615,0.6951880499768235,0.6504158808719718,0.05278327944730931
0.0790448322886133,0.06248961481780624,0.06520267829338644,0.47672015680643787,0.13837409703735037,0.6654214854388995,0.023379866644124503
0.213505120207781,0.12596984206369322,0.22031103873644933,0.925198540639627,0.48510727785502356,0.7611887049789776,0.1292768430481271
0.20018521910213427,0.11968553393022253,0.2870849578145612,0.8597481028729226,0.5432666251988307,0.7277920578610777,0.10335865941893282
0.16097531740281737,0.10193030975209508,0.7559009401636787,0.6033794891608317,0.48219582950448814,0.7072632587031189,0.06430840577225425
0.13275825150663415,0.08840963419144117,0.29301683314779103,0.6179551805574047,0.05559663261126263,0.7743115468282039,0.1014582370491114
0.22824996237477535,0.13424570403213876,0.949039855006289,0.8026888615879333,0.3810248577672277,0.8394957917784158,0.16197605653141464
0.1646835821929555,0.1031307735962347,0.608608787120618,0.6500976100858892,0.7215077236447587,0.6373351269735799,0.030021493334038085
0.18717907780053603,0.11376077857009875,0.46996274493585294,0.7674041100805683,0.5808746083010652,0.7051359072586153,0.08082989311684557
0.2119946087072453,0.1259994783646972,0.46183094855115997,0.8638812242416837,0.2160715324130923,0.8463957071710382,0.17081305737154973
0.21420320176687446,0.12647139993596102,0.3142779965264444,0.9050525372346192,0.46837881327444386,0.7705402742592826,0.13257491473849556
0.2248178803814489,0.1320078868537093,0.8231095527954535,0.817452299457871,0.6859975535398182,0.7410812104068547,0.10818481505455912
0.19579400764173394,0.11802942693239202,0.42026775292490803,0.8130760157019354,0.3850158386083042,0.7726057279906974,0.12356597652655324
0.26465196096715504,0.1504504305056684,0.781517509892613,0.9697793747970664,0.9551948191809351,0.7176950248104473,0.11252687605730927
0.17108680980221902,0.10712908886244596,0.714437959274513,0.6542066829425928,0.13274198676780868,0.8219216239702353,0.1340261530049256
0.24809143226197197,0.14325971478382954,0.9074045864192812,0.8825149089202695,0.6179220793878639,0.7971131468991258,0.14734283057513453
0.14143750984176962,0.09188870792924549,0.13546311896189123,0.6847952139322296,0.33948892402344183,0.6980754726604435,0.06592713546417259
0.20733683508916637,0.12328297758969607,0.5698712608273793,0.8150316782538044,0.7180034495554912,0.6975243079395668,0.08250181889681667
0.18201037917017676,0.11213603085865066,0.9942756694921142,0.6209013220788351,0.5827479087002906,0.7166919849275892,0.0726124568950196
0.2331209746143418,0.13490663179722515,0.34835552582787577,0.9609457771883774,0.8975570116790406,0.6736235714469713,0.08504908638426908
0.13757383979833743,0.0899517719040315,0.22927383704985027,0.6457917699308973,0.5271729233863094,0.6413748531003717,0.030162639935936778
0.1462524403007822,0.09375144570059135,0.049529544989645305,0.7209469143244522,0.5483839749176954,0.6408587809713044,0.03778099743875674
0.15655334856608083,0.09969846039907966,0.4879175226978819,0.654842587197335,0.2713035115999888,0.7524940262419015,0.09436280453681845
0.1426335255459538,0.09391977349433284,0.8392590501375767,0.5207229790512212,0.07763211449293385,0.8021813398820726,0.10813042918504295
0.15884366764402913,0.1010334097905121,0.9093705404175954,0.5571920910790779,0.577348088391288,0.6821995475387289,0.045636380038705515
0.19714577873313827,0.11769058128345389,0.17742907703769578,0.8722360691453341,0.8252278608857959,0.6372443844636008,0.05376736816602112
0.21684087275706782,0.12785664983652026,0.7854623022950294,0.7949828290645645,0.916635230646687,0.6611440049454843,0.060791664195194633
0.24629879023309637,0.14274331630856305,0.7379123530713461,0.9221595891711193,0.1749574844260012,0.917357402853058,0.21834337770887297
0.1970000337364742,0.11787659798002446,0.37239663733899353,0.8238118101087177,0.8638469636607861,0.6330149556224364,0.04664872981458246
0.1915654543860606,0.11683229562078873,0.7322846040491724,0.724278773753692,0.15299055851656673,0.8457807141916935,0.15551251497021312
0.18597404141456889,0.11274519066046768,0.1348480695769117,0.8452804682263012,0.5191009754374556,0.7089953079347928,0.09054304109724524
0.16667970958999992,0.10421920304791044,0.595979237945817,0.6617797582619186,0.6014932759022338,0.6746745435640931,0.05216733130474346
0.26673529489357267,0.151978871306473,0.8043328504572742,0.9759584480835892,0.5821588800206225,0.8302021021536694,0.1761648773037574
0.23171632979523307,0.13581260509530615,0.5991081276840278,0.9044148692487312,0.029479275993728515,0.9338811572345946,0.22493098033584408
0.1784425861992151,0.11065826307294843,0.6901474839448907,0.6876058308808253,0.07192082206565575,0.8491953077619798,0.15300743973362285
0.19522880451703237,0.11815676304683664,0.3623585311034228,0.8290982412184996,0.025996614213601235,0.8742712213109727,0.18194132843077154
0.23996123313513018,0.13898730056283198,0.6316579582958721,0.9201287665970505,0.6073564749724496,0.7784129043777058,0.14006471678558777
0.16887365679610603,0.10445779613587769,0.23518262547285462,0.7557109567862821,0.7727463418980309,0.6145081827685281,0.027869662755056753
0.16243775335630614,0.10255751987237384,0.9841086083654147,0.5496680102464134,0.7962281728377149,0.6262976827733495,0.013869414854403746
0.2675256546766268,0.1524061179862537,0.8915416102882867,0.9569145063158969,0.6446825899920893,0.8163404619524602,0.16659829641663898
0.1969838549987381,0.11834735795127574,0.41732850741440236,0.8161529050652513,0.5630173395117526,0.7223186197979595,0.09582656861028511
0.2119448854544697,0.12466378110977247,0.2853298167386873,0.8982001779728528,0.9791437755266392,0.6174235873946294,0.04615533184883945
0.21417643630920763,0.12638541872827153,0.3186098213418575,0.9032440424425521,0.5275210012145222,0.7534291777850654,0.12282929119606706
0.13162679931318128,0.08740962294606426,0.0808976648957817,0.6644103204992162,0.1511856009596052,0.7369825781496707,0.08506892128123564
0.22084892107703474,0.1306434302426132,0.7088914658475092,0.8364938385148981,0.17224792918646825,0.8809096286393981,0.18797986670195466
0.1124903920908264,0.07798000097871721,0.10390426761892779,0.5857891381913365,0.4459196964769325,0.6247615035242052,0.013426000379805843
0.22528755214371787,0.13134698880531148,0.25114871510900955,0.9585571597776728,0.6724533184104692,0.7244820798318488,0.11275988982483062
0.21698843085117198,0.12852649995147528,0.9191794836086441,0.7661548455567333,0.6294365097340354,0.7500012611793285,0.10765589981980929
0.12321541110923406,0.08393232942207607,0.3375104242136858,0.5721266061123936,0.07492464604001982,0.7567705206255402,0.08656375106402825
0.17759797311013173,0.1085075430756747,0.3360334811575969,0.7609696430565702,0.9518933192145889,0.5784422209900714,0.008766255474524837
0.23775622109339378,0.13752847381912148,0.6070658569888134,0.9150041401412456,0.8843942140952882,0.693640418988564,0.0920287218494524
0.1873754421825199,0.11384843769165184,0.11683000292645145,0.8586058003120767,0.17390820111019298,0.8109056406229689,0.14891402402264842
0.18973015338692545,0.1154772004387459,0.42974959075412644,0.7911707144119999,0.1593141386300173,0.8301097470973319,0.15319058407488248
0.1845894088066371,0.11256606970162557,0.3282862211031605,0.7945498096451031,0.3922117590647034,0.7511771230735949,0.10906926048292055
0.24695999464990442,0.14202971081781735,0.6907167590421996,0.9282573450871707,0.8779526685018244,0.7116973173608195,0.10399851528512889
0.1989312234759072,0.1195597554789749,0.5501912839212593,0.7915632384253078,0.5037606827801713,0.7472803488390636,0.1074949373640382
0.1274782047417854,0.0857939037207648,0.2846961186032412,0.5999085775648889,0.13014078449892058,0.7447788982859298,0.08284811993621514
0.17618460748267636,0.10859330669504721,0.18400387030086046,0.8009805013112409,0.21743595668779714,0.7848125258789782,0.12797912331906436
0.21588896966148788,0.12858846536249507,0.9527455155832119,0.7583168941040277,0.23828828276970582,0.8636625514350754,0.1703666908625026
0.20122684034920288,0.12048494170220206,0.7643183623245945,0.7437056129790413,0.8728344066210177,0.6509376137785408,0.04908434187466292
0.1721457328583247,0.10785306263587242,0.7883190055687328,0.640946641724754,0.054662678118160925,0.8489182635479348,0.14788680237879376
0.21484800435624732,0.12633141695274056,0.40952437906586,0.8793360777604109,0.9080163128577905,0.6468809144875365,0.06095796843205236
0.10458905987098863,0.07497310481449203,0.32964650865480494,0.5051522146492202,0.16490707779397532,0.7037928017070302,0.04921666168568288
0.1719026111861469,0.10590432945533529,0.053113997414296454,0.8135204479740621,0.5524210432554022,0.6762609273899908,0.06824929117671297
0.22450613366016636,0.1313228833176613,0.5248342845197858,0.8883814451338455,0.7354720150956688,0.7151590618232391,0.1006223660704964
0.0789375440158545,0.06387894560572355,0.9381897390017773,0.2643246959301423,0.09129816910704479,0.7113645415122527,0.02824809197069948
0.05845460930279252,0.053129247986521744,0.24174057613087468,0.35964978730048847,0.05226591010934536,0.6678044467572882,0.011953207595769056
0.16415077010901197,0.10193074989592621,0.08332620977465598,0.7750564401811345,0.8096391234115782,0.5914150713023197,0.016558586744465184
0.20216585885541904,0.12129349075039403,0.34463958651805904,0.857696904293131,0.1160556370513809,0.8572279782849382,0.175648638425458
0.2484789343163154,0.14428148011778552,0.9391259223472854,0.8826608302509001,0.03619767644952064,0.9683517137993674,0.24312014219583739
0.18477716473625766,0.11301855696298613,0.8245203900476088,0.6709960836779956,0.7013553841513192,0.6797656505175608,0.05704869127566877
0.20674445942908917,0.12228397700582173,0.24143509785108927,0.891187158665003,0.8660013731173444,0.641375571622258,0.058534361740671566
0.1209264801777461,0.08250349373084036,0.1291625285157481,0.6143755565441872,0.08664758177975103,0.7423749224957772,0.08251185072287742
0.10275215334174442,0.07407790906843156,0.20730058974293375,0.5296179633137512,0.040909452963217956,0.7327774283643422,0.06770424483084392
0.2609784552065731,0.1487831195853772,0.8568960254816681,0.9376649386467397,0.988923717327782,0.7054426998405332,0.10230015423867359
0.1623224331137488,0.10161398263164467,0.15942738097025483,0.7533838326484498,0.4926410303105275,0.6840113243332147,0.06609082249667776
0.08943982997583776,0.06759083013546358,0.23700575722209877,0.47200782471474045,0.20824348874054763,0.6662037834766522,0.024005646534677863
0.1364018994335841,0.09078848380690878,0.711843025573791,0.5292095010704431,0.06135124582965179,0.7933454890083429,0.10363214816411401
0.22998909972415718,0.13432476664010148,0.9549676122215329,0.8014062780775548,0.9377310956092849,0.6799654189464033,0.07276637929513077
0.17127626103311355,0.10663201348211052,0.6729386165368076,0.6607291560118852,0.5175808881158066,0.7085115967934021,0.07127002932107374
0.13316562891404826,0.08773520007317206,0.018298739800730743,0.6827619649797743,0.37615515519446846,0.671292390689828,0.050236243563626035
0.19084460346336582,0.11643104841071213,0.7060104125313768,0.7278979350994309,0.16649230425472777,0.839847667747476,0.15250491327821902
0.1645873692915341,0.1043011609725351,0.8631063913746094,0.5944636349964952,0.12017769262950255,0.8218618227724014,0.12773227867437606
0.17291766960742827,0.10590222724830188,0.0021723893684139073,0.8263231267489858,0.8496508213672578,0.5892026265072524,0.020893313531033072
0.17761227388867656,0.10909339329209847,0.15459688714322184,0.8122786721489186,0.31335554392344744,0.7577999226399612,0.11407283426181097
0.21862792686039098,0.12894612101697706,0.9685012441113305,0.7565607948966115,0.95043642678319,0.6606223323567575,0.05684697238418235
0.18896260934726145,0.11506874521681149,0.38374560086284426,0.7997998367930601,0.13884855164842172,0.8332765111421356,0.15575863126381562
0.21607230119422086,0.12733726641784177,0.5510045497365588,0.8510160353486179,0.7583840181760781,0.697469851415036,0.08654365808575573
0.24962396248799007,0.14425768277456566,0.9793894471323497,0.8718735375334701,0.501023335296225,0.8360241768803383,0.16815097883659313
0.13506239483086288,0.08820651112389444,0.018819484289973005,0.6860413405759147,0.692180168650371,0.5819187118400185,7.077487683473908E-4
0.15847903092262874,0.1001207619952532,0.6752832213188311,0.6098136403760004,0.85104129886924,0.5932467042948496,0.00103654549594959
0.15499643327545842,0.09987643781326638,0.9370085442225177,0.5415378711993573,0.1180998205423658,0.8115807437582321,0.11619837080700386
0.1561766360039447,0.09933890514300348,0.2773313058947452,0.7059727174945796,0.15989525215157857,0.7766122203580484,0.11283362900835375
0.12080703094016249,0.08298108124277713,0.7050843761392653,0.470671019039106,0.36256905752738944,0.6831632130957993,0.03531842138636033
0.2408967555842805,0.13933250031814987,0.7886366105339563,0.8824921013715148,0.8623895521760451,0.7112489525572663,0.09888429788465251
0.2398549342183205,0.13848874254886606,0.469328169750866,0.9576853112750492,0.7492600001933427,0.7308913397911048,0.11716894755949446
0.18688191024947104,0.11387304358849445,0.8005265021028596,0.6836496916934617,0.7787678499999335,0.659308732512893,0.04698281869788887
0.04802391852428852,0.04914461385875119,0.8342420949203008,0.17757770249164004,0.03519605999331899,0.6799328636419714,2.4139134256911916E-4
0.08102471638215576,0.06382337891718035,0.37766956730351153,0.40707319532894215,0.2099116769601228,0.6589779064523216,0.013076737003151996
0.09265818629158294,0.0700849211571347,0.9692146705586704,0.30396692708238454,0.34489729451656076,0.6581130025263385,0.003217869777639795
0.24496310691066125,0.142211475689208,0.7831756739678337,0.9065146273515859,0.15309239350751508,0.9235096939309869,0.22016658334646555
0.16363373156762423,0.10280815834656722,0.2527529961916573,0.7389309079377766,0.1783961463121439,0.7809051531074519,0.1189296019390117
0.19025933062840442,0.11462705958550619,0.38580055882280206,0.7953489420773279,0.92069241242403,0.6073699482828044,0.02910018121284319
0.24761828523103244,0.14195664359028767,0.45160579401777634,0.9888025245058333,0.8838321577241868,0.7020511336053509,0.1045790844702261
0.1675054198886175,0.10436487410281231,0.5979134251416616,0.6622822140766016,0.7849716223039963,0.6224548676678997,0.02307240162713565
0.1192186981154626,0.08168166815156318,0.20304854854311433,0.5891053007965089,0.18200222650976672,0.7149028595232573,0.06456940854554849
0.21466330546913398,0.12671091618066602,0.45861528702080695,0.869903191437229,0.6204540191826196,0.7322333545228841,0.10774233010701452
0.22465181745982007,0.13256868826890011,0.8668518548095459,0.8108712918697984,0.264912551001487,0.8651695836181099,0.17690688530472248
0.18939065815596615,0.11441805054327814,0.23278723916560262,0.8330688389790538,0.5931310165773431,0.6959103301426339,0.08224441065306681
0.15846953251479481,0.10070912880044607,0.36725624658657446,0.6936019328071402,0.05501279653928526,0.8137675199546117,0.13253825449633827
0.1670317144130855,0.10450078981910566,0.40973749746488575,0.7117486210460189,0.300027013215324,0.7561129701069326,0.10261745109929564
0.15610211141090496,0.09893607667545493,0.21690606535086332,0.7181813998628713,0.36083840883021423,0.7157114512482337,0.07997587040279855
0.11344616086083417,0.07903176549840796,0.527291646060672,0.48563814225480645,0.496546485949289,0.6270699640028974,0.004963100510867961
0.1512495145973487,0.09720515820505328,0.28872315109879115,0.6867372979635069,0.025051464829278003,0.809326704435168,0.12893121407787367
0.19916929504840775,0.12001673002574789,0.7577659292170948,0.7420358788300303,0.49127954928253736,0.7589541964582869,0.1091836729757651
0.1852324657451913,0.11430647149004242,0.9304137355810489,0.6542911763791908,0.03321299782223505,0.879033235497417,0.16685001799111557
0.1751071075081022,0.10775013194194463,0.09254359704220891,0.8177751752537763,0.35654227742696687,0.7393545477249975,0.10414199582190564
0.11889366206165963,0.08117763477017689,0.026098964014006673,0.6304165997359804,0.23444355630016017,0.692597091191627,0.056125917410301256
0.1754908304559589,0.10893655178057685,0.8613505170701011,0.6303095890005234,0.5097011003202254,0.723784008496716,0.07709169467891044
0.21542392058617052,0.1272825583719821,0.31324463047883105,0.9116737036634488,0.2953524558584885,0.8226554167166368,0.1624374014964771
0.10442671924407051,0.0748436051097474,0.537056358409159,0.4509576551343962,0.44507797072198513,0.629614318300989,0.0024233522113690257
0.12763090892953521,0.08513890910357759,0.10218321101360953,0.641296760801668,0.45459164640867705,0.6436834327272528,0.03039104655870875
0.27468492315506843,0.1565240524445004,0.9692879855350968,0.9690243138412258,0.19933048764065014,0.9591696551535321,0.24808785948556447
0.1367079194569911,0.08983957119333548,0.0788660287332909,0.6836360452119066,0.1321536357368852,0.7496726603172247,0.09436552393192209
0.17543371784474857,0.1091388707700526,0.6765308512713765,0.6793611599311679,0.1253304623486362,0.8288517802081484,0.14063741529037527
0.1874491206369786,0.11314494862957448,0.18356609597026025,0.8357173016101749,0.7965636242123215,0.6320469069446827,0.04667671357366959
0.048144142876654555,0.04897927193947545,0.6704810340077989,0.21817716152791383,0.008707380054103833,0.6817486921094497,0.00524228395082771
0.24121836375556568,0.14029179443252515,0.7416035200417678,0.902331543677343,0.21208624482626248,0.8994565434798233,0.2060744757638714
0.1628662533840613,0.10139994986955467,0.013055777745383024,0.789026449357985,0.670454050668551,0.6275415201890507,0.03804525326130817
0.16880634587930476,0.10536755794980243,0.6838697036452747,0.6481523974662933,0.5998602913835038,0.6814317919518512,0.054743007001520266
0.16775850422413427,0.1049870276932027,0.6440754650053522,0.6554844821912348,0.4679921398171142,0.7168927302334754,0.07522197259318256
0.15074418930058617,0.09644775357029182,0.41213480873522096,0.6490143539534647,0.5509801106046958,0.6599329771293372,0.04167789652546647
0.1099915127158552,0.0770470106621012,0.2820353998814744,0.5330705118496235,0.4679903635546884,0.6213862640715577,0.006216977539726964
0.1748496596600116,0.10748156319792959,0.03489263727979871,0.8304155761934819,0.3976525888544722,0.7248712256433395,0.09726690216155262
0.10877917425932349,0.07703418967359034,0.532794547332677,0.4689664330939643,0.34531179930559536,0.6647118769241545,0.024083066494777934
0.2066865806230586,0.12266692060378181,0.2846675520793707,0.8832544362006496,0.613427475390602,0.7164954877519738,0.09975268724378653
0.15853732346138633,0.09911836968258722,0.0258072056627906,0.768090328131126,0.855488007032653,0.5679456642551417,0.0024032764799118422
0.15558518382542696,0.09909896274597478,0.5296383889180339,0.6394648219124103,0.42377079699721265,0.7082375777354164,0.06805185865685492
0.17166021707948936,0.10760882408748026,0.9974847067569255,0.5854383812213227,0.3085514247861396,0.7820041932045395,0.1050060604132278
0.1256773591910152,0.08531150605982787,0.682438233543808,0.4944160681386921,0.3192923298790013,0.7018540233890853,0.04839965022357646
0.2071604204584755,0.12398797408119662,0.898783588763902,0.7365273445861499,0.5187181654917457,0.7675432238977342,0.11394580039253815
0.20664514482194102,0.12331562105848144,0.37447309823486485,0.8655551233297211,0.22465004367376104,0.8330550997743401,0.1631838219864668
0.18232525514901954,0.11231591198587096,0.8396689107234789,0.6619358268020201,0.38017790859898093,0.7704330927706218,0.1066993617047903
0.20384836590047808,0.12072639172169321,0.19822335896380577,0.8901900926756415,0.9525976769501971,0.6104242213234419,0.04095075952674839
0.15231247665554043,0.09782695651002747,0.8787149802891054,0.5403278866768764,0.624386826579353,0.65807575264283,0.0300879374849086
0.2030160095199192,0.12136193264016137,0.23922962626354669,0.8850800032132002,0.24016746958604812,0.8183608857653079,0.15665452024035065
0.1473345857334339,0.09556485616647586,0.4082798374160742,0.6435754629754495,0.005831204522232375,0.8137989628666105,0.12695755558093444
0.1763222657021748,0.10979806971349906,0.8780848082588713,0.6328801990096898,0.1840518884350449,0.8204785150796263,0.13145707813410568
0.15287662858664014,0.0968861861564763,0.2623382819148968,0.690504495378359,0.7987637498190626,0.5852042943563395,0.004096192838594044
0.11266687051246572,0.07813297020778445,0.1761019933387452,0.5684916983145757,0.4787444827530963,0.6181249922607206,0.008031696591278436
0.18930810234309392,0.1146659036507564,0.41863687415156625,0.78747367653128,0.5975963139264315,0.7013847564505657,0.08083231978135398
0.18676160546264473,0.11447502855956725,0.6778546760503691,0.7200575758857791,0.1496343022838841,0.837914333365351,0.15040038881481327
0.18215060729626498,0.11137693307235765,0.7900891244664221,0.6669960215875707,0.9544512252367815,0.6010058283168932,0.012458177446561112
0.25401547502194494,0.14581247617917711,0.8013029580092688,0.9292272911264452,0.6819033221671681,0.7829514902272626,0.14437274496665206
0.1627585683468074,0.10272323416436727,0.7221159760194512,0.6181147834593308,0.4812282908312813,0.7088259290321346,0.06673746167780156
0.0786786865631179,0.06331553729319617,0.7769495406736595,0.30110671790113847,0.22898580014183492,0.6648951119641447,0.005855133708008026
0.2284544608327959,0.13255402078743028,0.19672338962216873,0.9816493027187674,0.8256768237837506,0.6823147567758996,0.09164507380762155
0.25502935744847827,0.14671518873825598,0.6491329714214074,0.97539299698298,0.19309874335695626,0.9211834462885224,0.22624463587263965
0.14608581567825374,0.09392057978601062,0.3575127923915207,0.6434163059826903,0.7236766237833282,0.600965308414328,0.0078694381384182
0.18554592324689415,0.11289249232217713,0.5267542275157067,0.7461180641907741,0.7167249929167326,0.6653356200008421,0.05638985305828641
0.26841797775574083,0.15302619137070023,0.8382579737317211,0.9754429778607575,0.4370521536329047,0.8761345594531783,0.2019002574466746
0.20873694133925452,0.12491416585217159,0.877417457329405,0.7492193469200461,0.36154835880310054,0.8147892858156027,0.14170311019953827
0.17715872126539792,0.10799749425232978,6.027677563307271E-4,0.8428872545511503,0.7844125858935891,0.6141804829891652,0.03674662194148622
0.11097744383655513,0.07713157157075097,0.06629677936220797,0.5888377280265342,0.49929900755600337,0.6056625374442153,0.002951939042828148
0.27717206377913356,0.15732057548681452,0.9039074840863714,0.9917228327929062,0.40508444488656314,0.9003230562046022,0.21756664453209149
0.1590028868725244,0.10055010449431956,0.1912177753449674,0.7373030830295164,0.154042549883077,0.7791395802186041,0.11749334516422065
0.22577737766593192,0.1334396445194441,0.9885325874502564,0.7865454447535658,0.15727454666448784,0.9026469775109885,0.19554716241361866
0.10108412316082553,0.07299593365443233,0.31822586887748827,0.4927118865120316,0.38527826695585715,0.6341741404909855,0.008854974202118684
0.22875187015019102,0.1341851335291982,0.6163746403726593,0.8873571265636683,0.21412756541893402,0.8765038768698431,0.1909947629609911
0.23029157552453394,0.13454428288962422,0.4316988852592371,0.9372794894368173,0.27256582434373555,0.8548136391450634,0.18385579781866848
0.23699377128997173,0.1385297578554066,0.8773248045191449,0.8541016515663133,0.19323929612117088,0.9039795501763735,0.20361322774615956
0.13264410799976123,0.08781451925853487,0.07679697313372771,0.6685380483152554,0.20331279602009064,0.7230863592460295,0.07776768530985351
0.16441937419623065,0.10344950894590954,0.5342312889841699,0.6718384333769116,0.30731239859139653,0.7548955411810003,0.097862794010242
0.26147758504375224,0.14999366313915552,0.9428859451011542,0.9254184107428118,0.3700526335503926,0.8896769684905117,0.20413601264603748
0.10666877618358124,0.07705264519415445,0.9301901573131033,0.36773845514996906,0.05614239896850082,0.7607145628721351,0.06770692505505672
0.20233428657437616,0.12075073908947505,0.6057604184931893,0.7862697178410741,0.8794090448223504,0.6447146535704311,0.049845031611928055
0.19444012653771842,0.11739311240523967,0.7248438862915059,0.7301014850580705,0.7356547524027615,0.679803958676382,0.06346592666361257
0.22119717929807461,0.13073614812869264,0.5245601303238171,0.8844267527134975,0.01109492517328616,0.9215270289625626,0.21540739139815004
0.2452057814603402,0.14202707979053175,0.5158641604524387,0.9734755603010147,0.06298719344468222,0.9401964975303484,0.23607247294385042
0.15991288512583526,0.10008649941930775,0.044963076498723636,0.7707849722938611,0.64424547519025,0.6321656030998996,0.03865844792054043
0.15311474963331967,0.09813120477944888,0.9528479007283754,0.5236257742834779,0.7666430189307702,0.6205124432937492,0.007500060963740715
0.1481983181484547,0.09622031017639042,0.7104536259885982,0.5712745291396915,0.1757283689443806,0.7767262466568844,0.09919994303783952
0.2572558719990503,0.14745599340427937,0.8151075776860166,0.9383858543310937,0.6180620872973045,0.8066706748998873,0.15873411404842752
0.18418301876399762,0.11226617549114346,0.10164405493539064,0.8502917896715503,0.2077068903305036,0.795957630953805,0.13954233696392832
0.18690961222907793,0.11417934433283493,0.7287945864056176,0.704541521327516,0.4789075078643896,0.7440654120506511,0.0964187545363071
0.13463839492454735,0.0888783085099441,0.12360230986319022,0.6647819182367436,0.17000446608972716,0.7373618003331864,0.08550570973391339
0.17132023332588084,0.10549820516280597,0.31982744782001477,0.7419559159410027,0.9588897343973111,0.5668825850034442,4.761248752434277E-5
0.10405804993702865,0.0752101635510575,0.651084469084205,0.42481473054802366,0.17830021994661577,0.7110572781036075,0.045373094920145324
0.16486485086492939,0.10304745636683002,0.2645942544175385,0.7375647825202624,0.4460673515516365,0.7050955868960579,0.07648792387596559
0.1870373985443642,0.11406720413016007,0.6199236444233258,0.7315032149610035,0.4796706940585041,0.7399867269162355,0.09678822095300606
0.20097184498006,0.12122238478198921,0.818251273118413,0.7359800293111632,0.3021333980293343,0.8188749095966583,0.14220445041477658
0.0573143015896161,0.053761236101742035,0.9697810578600159,0.17845345907807525,0.03425884252390771,0.6984333427742031,0.011251797533854652
0.16605606451313976,0.10323039148535663,0.2644590225907073,0.7388167168904299,0.7274473629466567,0.6247904542310695,0.03178682871407307
0.22745901524667775,0.13357625346668484,0.6234950003940973,0.8808494294008165,0.2197142351785341,0.873303053908406,0.18848667752239429
0.2486666030642166,0.14373794143002191,0.7128808516693719,0.9361650138228554,0.23972168646541472,0.9009214245834981,0.2106745073266744
0.20744191568003656,0.12385510446608153,0.4859749626424172,0.841201187997706,0.2348454307192408,0.8353517670135818,0.1621313837955092
0.21901302532456196,0.1284749943974969,0.14106332443666142,0.9647348426174658,0.4699571337450958,0.7704902192304571,0.1386957424469179
0.11933816932213544,0.0825837752704592,0.9324315450203892,0.40948002920310766,0.4067228697157288,0.6766419329715929,0.02558471380838559
0.14817284072398557,0.09619100146889151,0.6348689547062728,0.590417545895352,0.10049478871944749,0.79580939692001,0.11174339502646127
0.12015148514720071,0.08280093258888607,0.593364827365692,0.4979908313724255,0.1362879251844692,0.7440254019700954,0.07198216112302352
0.1466852039615077,0.09446730492963674,0.11373649050304196,0.7102482969379282,0.24607323066667222,0.7319468095739928,0.08768669827562756
0.11023513121044848,0.07712966679570013,0.1342384431741405,0.5715796633966839,0.32018642560643357,0.6593201429622718,0.031214221481895836
0.21542157533703638,0.12589817863992514,0.034278482524606774,0.9718508929548854,0.9916873185029192,0.6093972639638241,0.04910198100724279
0.21646085307174304,0.12777296402525978,0.7415699363943276,0.8056394038379878,0.7944353892699977,0.6945845430436938,0.08050855152761642
0.1676573563111443,0.10463589255145898,0.3285051819683701,0.73353251385872,0.32456394276481443,0.7468392042211095,0.09960615840430068
0.1877508788425367,0.11504151167999663,0.713898682722811,0.7152239269927078,0.11940945352894705,0.8494641473192139,0.15644608822392786
0.23333434974207184,0.1353201648562013,0.46954232615385116,0.9332150135182343,0.8079750661836739,0.7045251067081041,0.0996221448970549
0.25867379061217494,0.1477589091487737,0.748808104749063,0.9575290980869393,0.813169664486063,0.7493730660549016,0.1286636953939444
0.10565145911335624,0.076552265466974,0.9370905280802755,0.3621108656977978,0.07774458880586455,0.7532302449504839,0.06290742596288142
0.1695602543660063,0.1063775767085225,0.7786920927612574,0.6319388570453268,0.22836479609764487,0.7942716862591006,0.11628979040398593
0.16103901301018297,0.10171129603037986,0.2438303056657254,0.7328461780289142,0.07023212885042927,0.8084058975796539,0.13354665790649672
0.19408939233054923,0.11731470954133189,0.24303603073046753,0.853059546219739,0.11020238787821639,0.8436896396026545,0.16711988539426922
0.12445863236126442,0.0845438182389553,0.7247777090313587,0.47756117220069105,0.5089976452897517,0.6464135326853564,0.015675344239728217
0.18055626073766712,0.11070167358207997,0.82818415128506,0.6520750202943396,0.9396465862027593,0.6044673516020164,0.0128317456888528
0.07278051550804597,0.06087996379599741,0.8432096488237146,0.2655620196112895,0.041194824029558486,0.7136933801953913,0.02928629346448141
0.1207145573919009,0.08289039514505567,0.7264628980517345,0.464469362180419,0.4220431518154142,0.6664942752487171,0.025385431890072408
0.14016444635141073,0.09214985124666343,0.9040340351347418,0.4902020486115841,0.5959357815106152,0.6500445021482988,0.019926321451424867
0.10522507371299075,0.07612771477093719,0.9739805733688132,0.3492766843986823,0.2849215167356337,0.6936223204155367,0.028296651723223265
0.13051303046965093,0.08755406519909423,0.6874603447136951,0.5103564630427231,0.36094525111065334,0.6967737059406223,0.04742363027425964
0.18602274181458062,0.11368297332074867,0.4299411869283926,0.7772997863111428,0.18736709091346643,0.8166746143517157,0.14408803475145865
0.2122464511058815,0.1268285346838606,0.7974101354897755,0.7845828685716395,0.0827364282008533,0.8980528443597036,0.19194002615193576
0.17280820655996934,0.10644512023413863,0.4467744105375193,0.7168166506478835,0.9280492740157721,0.5826918312840896,0.0065162810185236675
0.24476685766656223,0.14142879579899229,0.5177555814942456,0.9681935779657883,0.3532813286442829,0.8550527858629831,0.18792396571892916
0.2616330817203216,0.1503231574967192,0.948183740708976,0.9267225254004047,0.1874004158902859,0.9433183070280111,0.23426417357596452
0.20053131891262982,0.12103884109390438,0.603358029687481,0.7896711430775455,0.033487460509992,0.8885609366919165,0.18639901036700007
0.15006243920104645,0.09555926554896003,0.03273999334475741,0.7391600607316906,0.5268577539430938,0.651922227409593,0.04598943655046514
0.16208239203311559,0.10230761169946513,0.8502310081700089,0.5820260340091234,0.7006223792852029,0.6486864682727331,0.029535278535113507
0.11865962461177065,0.08109681884065273,0.17063195339256082,0.5927570189836028,0.3804414745064044,0.6550820347402349,0.03144668007107912
0.1827522066770993,0.11214514725228195,0.8718474753798678,0.6521868786774998,0.6929631264260734,0.6810891992752952,0.055819007907743794
0.0505015769063881,0.049195089133176606,0.10982389469321656,0.36311995427623733,0.0213669241322531,0.6606154204165033,0.0077764674235023794
0.17926612903947386,0.10959585619042886,0.4754282367145586,0.7337549250210316,0.8941835629514194,0.6027987278006322,0.019821567526949673
0.18112262895501624,0.11049660536472229,0.47626036009816325,0.7404816254900028,0.8795306028353236,0.6097372337110669,0.024476087562060957
0.159948634531142,0.10154710177085224,0.4460300465122272,0.6799221813195064,0.04541988490929172,0.821586063338668,0.13566166326943474
0.1522248363229488,0.09841976650665553,0.9316242795329449,0.5316404825381966,0.2177681679293603,0.7784001271119663,0.09650408041178415
0.17830878699524227,0.1094510340775733,0.5079413811122568,0.724459491674101,0.7041337626970527,0.6580238608858261,0.04972702048359447
0.09295210596285146,0.07011193745051694,0.8235112771407179,0.341471731838503,0.2581861690954371,0.6783938709327911,0.018250123005689345
0.12500152687946983,0.0851067268618745,0.9353656106401208,0.4280571031150787,0.5284293791152671,0.6493330074194048,0.01249089284048663
0.2391147371124958,0.13839844652996316,0.3053716583387334,0.9991527147289762,0.3662713576482089,0.8353596141906142,0.17959363208368306
0.14005608623033994,0.09229866745180562,0.6652236628990413,0.5526686558441002,0.1703056250181104,0.7650598311931036,0.09034495188699333
0.15261550912680694,0.09751335007267482,0.623240309965108,0.6031816490829766,0.6645303274537517,0.6373335314069996,0.024668745960585974
0.22710892759130072,0.13299471514934624,0.6101465173964019,0.8795905846846764,0.5109796334615737,0.7874373200841843,0.14033425524819654
0.09497534169429742,0.07038488563388823,0.4950524826974428,0.4274344365743201,0.3820168878105303,0.633002940072532,0.0014218641612934735
0.10098733164414478,0.07346199835664957,0.40067113879500527,0.4754165208815473,0.10337812011732472,0.7192386299536658,0.05471343435327347
0.17432342584512847,0.10744180380820499,0.12503089253220073,0.8071060505910242,0.3478705693705241,0.7419728343832407,0.10451143727549023
0.14659366775469024,0.09437276932008369,0.32382775672301495,0.6556360086243765,0.5283178974398328,0.6573640929868491,0.040630880759617606
0.17550905785555637,0.10741432258958403,0.18629273902258414,0.7908958140222244,0.8540494274034751,0.5984316793389449,0.022743956789088804
0.2325372645786768,0.13547469491900752,0.7406943886135121,0.8651557462462118,0.7307197568321326,0.7359609831894269,0.11047915217159035
0.11221708830889482,0.07837981081371745,0.12180686526629475,0.5845390525991583,0.07608885247458569,0.7328039479816666,0.07369250282508219
0.155818359534544,0.09892529492200473,0.3785290505111755,0.6767259894773309,0.45764808195789053,0.6930927999114409,0.06325010692176108
0.15875203032393542,0.0997663433442051,0.15135689600889493,0.7411611357252068,0.5984128953451777,0.6478175461754381,0.04443407970084073
0.16453880160379963,0.10278548467141256,0.36116002190488844,0.7107400248425708,0.6377783016927929,0.6523502184373576,0.044349380703696074
0.23101665528703852,0.1345632042067243,0.7066031118939191,0.8667881672705867,0.8320560898965279,0.7030071150784081,0.0921196292448077
0.1610583180600467,0.101319388611171,0.028777387206191413,0.7847629113595512,0.11598879193527789,0.7871240737097742,0.12673636312763423
0.09720535865995966,0.07082262249845783,0.07214417048818383,0.5389114743409787,0.3466210226392153,0.6308006257067382,0.011253145988446038
0.17791856142384746,0.10982045394311965,0.513859357700251,0.7260604826906495,0.3019002236766851,0.7748976599559614,0.11520314789745531
0.20165596771303354,0.12033370324902307,0.5835932874367457,0.7886966133577384,0.9242164999284461,0.6298720430029618,0.04174196485229993
0.13824612529837388,0.0916858455620263,0.7596770149455294,0.5238618341752475,0.09960153757216894,0.786594052143186,0.0994487991007999
0.14305193211335793,0.09368193329170584,0.7177110774907476,0.549836339574701,0.2580475367637173,0.7456956848643728,0.07942838269730301
0.2523555860098237,0.1449510042191714,0.675110902284433,0.9549134980381406,0.5904408142872983,0.8025644237574449,0.15775131136307724
0.2643542664312395,0.15165615808828228,0.967463946833047,0.9320563952105465,0.17755261222640514,0.9507694333139722,0.23912290101351835
0.12654859753103548,0.08559986395779566,0.6196906720135047,0.5126585404823645,0.33810823708452103,0.6952818672330933,0.04656716963858902
0.16295609285914417,0.10202083711258447,0.010059226509125987,0.794859302220036,0.24011883547330667,0.7529554858466628,0.10874083795951013
0.17834963896461611,0.11073644998718701,0.7809263165725052,0.6649959312628306,0.08734737262627357,0.8479348793334855,0.15008148780970657
0.10905961555086427,0.07726246652284814,0.5755824148493198,0.45980090225156633,0.3246848430766883,0.6727078756781053,0.0276730487540906
0.18399977113378801,0.11115850429190448,0.0980623794134839,0.8421800175206955,0.9570084583987643,0.5772218241663124,0.01644175239538938
0.06125813681808783,0.05401623114758316,0.0019935621189540818,0.42771564292572123,0.09898400197056688,0.6492826206048116,0.00844252820398628
0.234493957306708,0.13642277294182145,0.24381587580370492,0.9998408391760817,0.13699427206318288,0.8933212230799926,0.21177815527376848
0.17166431997899176,0.10720869182793334,0.7541942295774605,0.6445303835247067,0.32220307650322555,0.7690087132020259,0.10353074663108922
0.18917008883723357,0.11482464412589255,0.7390810814489681,0.7066566538694385,0.805065950088465,0.652617887977084,0.04563945042636017
0.16468895286804786,0.10337676825898157,0.3399368937006778,0.7209887599598307,0.22917357640530345,0.7708417299842112,0.11161111357285336
0.13732083094467004,0.09034148438188591,0.41522865807927656,0.6013718889401686,0.3674509895248993,0.6944542976883362,0.05547081838791609
0.1606514233363436,0.10140728277792822,0.6654603988954455,0.6223572590457777,0.6497242710710103,0.6546318189209567,0.0367216699360642
0.18678644903444952,0.11346125517944416,0.30157677365419033,0.8082111731373738,0.4686999166581891,0.7310199664524368,0.09927550094267781
0.19244424614896394,0.11697117978498911,0.6586459979423087,0.7440871385015332,0.2720976774424214,0.8095910178093851,0.137274896477357
0.1881593312088516,0.11397644841961349,0.1840529421391964,0.8422358780910101,0.4317720247002854,0.7393724638925273,0.10736513447358237
0.13607826766593917,0.08948897536321013,0.44863940041247274,0.5861168190025959,0.6010354973658671,0.6258626153394704,0.015549003954458226
0.18932348127004803,0.11447410245879669,0.23468827775680295,0.8330564787118853,0.5304812006528997,0.7141412191063934,0.09243181300954265
0.19931323539176313,0.11989929393019663,0.7080954729167919,0.7537735922658684,0.5704909791701329,0.7342347118743744,0.09652223710457966
0.08486988551472638,0.06629945884089469,0.7251145904571328,0.3373758411217644,0.13130799951550962,0.7002323298033284,0.029553087816974917
0.17484635270579646,0.10762982118775098,0.6210142420436624,0.6813711574473253,0.9691288573699657,0.5800796975942705,0.0017101825210601995
0.2275394608348895,0.13234938781242053,0.3744400218095258,0.9346292122588251,0.8635495206271772,0.6765700028281294,0.08376869943095533
0.21075860046049386,0.1241835893305922,0.328658848664955,0.8834388972326225,0.9691502486265092,0.6202571020000346,0.046218954897428444
0.20797552131978797,0.1242865812180764,0.9223958722781658,0.732727594517584,0.610833839892717,0.7427350918124406,0.09975433541362855
0.2375823914125892,0.13728669252249456,0.45475388787021176,0.9521117614026392,0.8248185974055652,0.7051044267333216,0.10206333174166189
0.08230401816828549,0.06514396427185767,0.8905028521942039,0.28611722972680426,0.27935075204340704,0.6595816812835759,0.0016424076114959134
0.19966147045748778,0.11955192591079375,0.5100164457906446,0.8016260408198177,0.7181504690910387,0.6843558360213485,0.07334578048044689
0.1667147933180274,0.10406881049942476,0.26377681155746796,0.7457038262220289,0.3381856421217508,0.7391299702231232,0.09642961619796224
0.21752626562365432,0.1291896711852205,0.6943751139566523,0.8290915163885275,0.06643911387926475,0.9064823141984705,0.20134432043930545
0.2811089455035338,0.15858581129498492,0.9206077351310465,0.9968760411561673,0.8673699534927001,0.7718286423176067,0.14647711196290733
0.18210117480989244,0.11099402073060513,0.3958667835553107,0.7649349902708161,0.761035667593307,0.6426747511033523,0.04534859048379729
0.1461029241137624,0.0941829676002722,0.01779874992534569,0.7326515112766605,0.1406771849639571,0.7582731359637869,0.10456440735148223
0.17203004877524872,0.1060826119653011,0.039627414506817005,0.8184081796998468,0.4497041603597109,0.7058729697938644,0.0852921585359731
0.11817514691047046,0.08170924538673956,0.6173850045003362,0.48335719623707896,0.27888203137329376,0.7005569694735435,0.0461216508721033
0.211800215924833,0.12529847108251907,0.09400023636577523,0.9524829855309369,0.23745540192473402,0.8262460464424504,0.16821697926947385
0.2375236843032952,0.13757137391153373,0.3042107984815524,0.9930511316500489,0.4189873713387626,0.8176947053424051,0.16901987865279852
0.25765641775466813,0.1470369002401462,0.6086583565205175,0.987784237948637,0.8272128578259071,0.7386374467834265,0.1255623844605655
0.1461796808250996,0.09506512359049751,0.7898443654980056,0.54193580074689,0.41483213266332164,0.7071289116466171,0.057287342113086476
0.17496427688147823,0.10807911003126186,0.4111360381637856,0.7388284761553463,0.4345235900136084,0.7282443823254112,0.0901857970958786
0.1821459874073788,0.11145450843105259,0.4654669444532417,0.7508535186278257,0.5178220278873847,0.7161909875595127,0.08507424078661566
0.17024410968570786,0.10586064962619449,0.641766906730894,0.6626456183504027,0.689699785758988,0.6557343741663906,0.04188573225634665
0.16820979644594392,0.10553923697521944,0.49082882916854564,0.6991879409443472,0.03990068504147551,0.8365938968923905,0.14645692499237345
0.2185594194115572,0.1290121771507833,0.24201360387228008,0.9433622651837452,0.032324922956716635,0.9011135621933943,0.20960414667189947
0.17145653845903083,0.10674358257525937,0.6210024211789478,0.6749149863195897,0.43783840397758905,0.7300780569079529,0.08472902673569815
0.19888184602890666,0.11948378551235458,0.1285529869396106,0.8990448672222413,0.051912955378076206,0.8632383278764514,0.18285509997149485
0.14115972629338874,0.09263073058908719,0.5794988899743057,0.5771047636985487,0.2113944845490508,0.7514754736868504,0.08521339899789512
0.16708749193783315,0.10348901477513957,0.24407528436208975,0.7459173124412253,0.8735246555830829,0.5829338099007951,0.009145214447722878
0.12447940387204422,0.08434235914519711,0.32620294776458275,0.5780856988494127,0.20114006415066904,0.7213685943416462,0.06743363801246867
0.15517587385059123,0.0985590126859039,0.27190485797972685,0.7012117891490445,0.37924478098248676,0.7110716906275338,0.07566109639391484
0.22278686804934414,0.13010265527357578,0.26288163725629576,0.9459469291032032,0.7300545018340926,0.7045794006437786,0.10024036473356747
0.2188397181961845,0.12892312041830578,0.13580535162709434,0.9697944248610709,0.07248160651121463,0.8858712717731472,0.20368973944533647
0.22438823956602233,0.13204260483237545,0.45544296393809897,0.9120940470003969,0.08228404342030982,0.902753518791942,0.20782176805846406
0.17850049668677634,0.11028983128063737,0.507350072490087,0.7314366424628822,0.15138575767611345,0.8193422309234785,0.14061510556932738
0.13237953596921448,0.08814932161034933,0.38491285760661326,0.5923535930515113,0.22223194501449328,0.7286250633957927,0.07338284622358732
0.1350609976176715,0.08946179215190278,0.38962874625672395,0.6012624182518521,0.19669788470886918,0.7400504729806183,0.08081138783187795
0.18615768218261763,0.1136119550014894,0.6207561412530598,0.7277683952348419,0.5090197184191196,0.7302154857992406,0.09090418220384444
0.25209054144442666,0.1449040675662977,0.8678989187558966,0.9051679703253802,0.756743662378443,0.7608782673806854,0.12955384450997035
0.16964350321876648,0.10615178240647016,0.5988510977372175,0.6761741554264195,0.214852833846076,0.7916572476683549,0.11916768525768286
0.2675195270311373,0.1533721810047812,0.9878419444053953,0.9401414417478859,0.04157110478858976,0.9956469577084696,0.26520392254987646
0.2339833833513328,0.13607707393633559,0.8793402788541775,0.8342050054650512,0.9531520543542901,0.6783422858518049,0.07532250271052451
0.21103621450990884,0.12473371493819625,0.5539105412402014,0.8301334961612337,0.9223143460380683,0.6426535520851372,0.053534933909316566
0.16352622569258873,0.10357272821938165,0.9890607368424734,0.5564573677992822,0.433316342244237,0.733778556792326,0.07469486327954845
0.19621475822785,0.11779268220462558,0.37822304298689985,0.82181613813881,0.6579588803863639,0.6921099944826085,0.07944386228366217
0.20984453808718903,0.12529786994866937,0.8164477197509475,0.7677312623268894,0.39471266877871125,0.8044378511170492,0.1377988346921104
0.1648366967384586,0.10315869261610418,0.31958104748544447,0.7243860416173404,0.418107960897948,0.7152421851364896,0.08086776112569503
0.20548793429337958,0.12201481815453875,0.4981719282429443,0.8234613232955824,0.9240249962664291,0.6322044228688837,0.046692084836689185
0.2217267359149955,0.1294241071862699,0.06380547166135075,0.9916746883056442,0.6284959686985052,0.725283275458654,0.11623016080049281
0.20669257884188108,0.12303608102115544,0.574603252484126,0.8119482627832656,0.6804479845843504,0.7077278735619462,0.08786416691494842
0.1639288354817638,0.10312537863817556,0.4817917439864685,0.6827427277731236,0.31398595315869615,0.7503090034180495,0.09633626043251144
0.10870073520516954,0.07660214053707672,0.3933479649066075,0.5011947966634112,0.4744976056873477,0.6217844797676793,0.003235536266919207
0.16221126505516054,0.10161194722368087,0.04656839109634692,0.7823262200168724,0.3239367953885286,0.7288271338325346,0.09397613342619626
0.23842551806953022,0.1379518667569912,0.3815277016460841,0.9761338026069591,0.5434897518403287,0.785564317140593,0.14945466478500502
0.18196903994121494,0.11093999047382055,0.14506894242592547,0.8288187769226693,0.46285895148185485,0.7200724290896081,0.0948727229193934
0.23649406210753074,0.13786088050775186,0.6775071169065413,0.8999664278114764,0.2796556136166978,0.8706773137862368,0.1894569058706677
0.17730699701604258,0.10934738462490565,0.5878530025062245,0.703360613751993,0.5233088920736768,0.7122556828725165,0.0779177730274992
0.10010349852414993,0.07266287583200223,0.2064699919312744,0.5188652313774773,0.15813650241075022,0.694823870656582,0.04526530088447077
0.22920019769178981,0.134680345222535,0.9094931947106333,0.8161630900211259,0.3464951051112781,0.8494410167540765,0.16891609855738443
0.16853794874423345,0.10543034036446246,0.4916053270284378,0.6980194082426605,0.2359309650101587,0.7799667497939642,0.11470294493652065
0.18255882954393918,0.11177832686149297,0.7043944067150505,0.692156495650322,0.7012213321828438,0.6721974467449,0.054752007048451734
0.20066089526695416,0.11942580703711796,0.22951091699818676,0.8722681446596205,0.8343081885471434,0.6415245908207569,0.05638340458106621
0.19757655669862376,0.1195362343652782,0.6332249869843035,0.7704036313011008,0.14402955404512938,0.8532589289426022,0.1645890685950928
0.10898684790159047,0.07742078866510518,0.8013853178879142,0.40322753535193445,0.4451468656463322,0.6458771731655205,0.0071242026346022
0.17785590651245212,0.11010767329561194,0.8630580938602249,0.638906492113164,0.4743556197355455,0.737507298111482,0.08575461989830355
0.17545802535047203,0.10849791285301695,0.3621713700704825,0.7546951538039223,0.24109437430306074,0.7834941787956384,0.12266131313705053
0.2043756937623863,0.12155760176583687,0.07542846516406729,0.9283542877998936,0.38060658946972287,0.77329444327072,0.13578334199886907
0.14860272795875662,0.0949600012615612,0.29687992996959905,0.6668803276610242,0.7660878042681518,0.5899343333794743,0.00415861170576666
0.07507101191906414,0.06150792167092141,0.5880800412423578,0.33557075834049377,0.08179084669108064,0.6956560242933615,0.026204766657796433
0.23632395122664945,0.13784609363056194,0.9309118079891817,0.8349219926035101,0.525965435825761,0.8080606121021098,0.1480641263943725
0.2028431536661996,0.12150332192834216,0.3915351859979694,0.8472335274876018,0.25259972303824607,0.8201413767669805,0.15393077524241192
0.07156247717335404,0.05982784313458002,0.5201820854401835,0.34004351462178506,0.015904147854887418,0.7073516555000632,0.03296257429893021
0.17857801506035786,0.11084505454913672,0.8299634769280415,0.6532603382220589,0.14411351200682207,0.833536730065112,0.14089590939406965
0.16971681269475375,0.10602428599496003,0.410667380032512,0.7233557466551841,0.11560518702379463,0.8137022015557606,0.13612061673335274
0.1912762289627369,0.11581537572195083,0.3966898304864316,0.8020511080907795,0.41189329083960435,0.7574801259252806,0.11374647780033859
0.21768430569556002,0.12760280895712203,0.3898190264410995,0.8941325562968416,0.9385291723966833,0.6412888008888445,0.059458670728729804
0.24671587806862122,0.14338560952580875,0.9575432566782728,0.8710171928606076,0.10232661271457832,0.9472600807486973,0.23007672368712725
0.2659103771858822,0.15201687753651758,0.8741012020848007,0.9585785114020088,0.3468281224241356,0.9001917709287733,0.21354124098329852
0.20570990905161168,0.12227572489385076,0.5602714308942038,0.8096260950476254,0.8813418811882634,0.6472606390725777,0.05376818708979257
0.15088776282239175,0.09721916793711761,0.7743344993172877,0.5624448960872057,0.453306378445336,0.7020320547422919,0.056741760731379015
0.1846650650173016,0.11158278998293328,0.1614631902044324,0.8292448115570649,0.9502781755676143,0.5824797341780722,0.018155577707987043
0.25099722905240973,0.1444515735963539,0.8894623050269982,0.8961915183339166,0.7334904523345736,0.7669004309991128,0.13197287124391577
0.20815000303678405,0.12394933087138942,0.3970418596404661,0.8646049824225903,0.30942162007660534,0.8113283533498513,0.1510375067673117
0.15119950982296176,0.09700478351673011,0.5919430637864802,0.6073735525673245,0.5083091276333478,0.6796828583478413,0.048668263743179875
0.1567856526326662,0.09875185119404319,0.1476444545093684,0.7342670795073335,0.6552420787122952,0.6283261582846473,0.032738024483867395
0.15513092027913614,0.0981906145266613,0.02581494076563257,0.7612929862989439,0.3490618125157216,0.7106758618650767,0.08132405415818414
0.20362231790993537,0.12038606988304242,0.05320629860357637,0.9246327270485344,0.9559814623167322,0.6037385474120894,0.0405735616113209
0.23036994875140013,0.13413024136083238,0.45174039815444256,0.9287315674873899,0.628889966068152,0.751837298338516,0.12544948048458174
0.2212942026661629,0.1311804950480689,0.8861761482230442,0.7953388165381133,0.137865642416576,0.8981363670499639,0.19360652654652505
0.16148297194442396,0.10207566063763605,0.9882006118641369,0.5448973248012292,0.8227609463635606,0.617361315158447,0.008345955973286563
0.17304361877035135,0.10633886099271865,0.04014272447386463,0.8201358095556792,0.6156090820830679,0.6589883991543338,0.059311862721922785
0.19543441248742477,0.11772102438358492,0.2526496098970805,0.8536057066135019,0.2918397777527504,0.7930290986971442,0.13893342354044116
0.19151956619137328,0.11648806509432261,0.7046204179532133,0.7285619808012231,0.35882111747120427,0.7847115297431783,0.12178580679847763
0.21004853183249617,0.12479845090148617,0.27492676221819157,0.9024179141817024,0.204500844053367,0.8400702177870949,0.17093081785499964
0.13100709487981554,0.08727224702742338,0.17598910376112362,0.6390534457397472,0.1465303558936507,0.7409853751922324,0.08478350855486605
0.14807563332683654,0.09477657071452085,0.33949890646982855,0.6545763182919029,0.7667482365836882,0.5905736290228211,0.003277460577749281
0.25537097686327753,0.14723739020359095,0.8361354949632713,0.9316494060760762,0.14474540902340893,0.942694405583504,0.2340064608137944
0.1816188443358248,0.11126615151275118,0.1578389315276265,0.8282993739988128,0.11452560633684081,0.8215509993792155,0.15153617743520065
0.15900813402539238,0.10087306777569913,0.5584688797574148,0.6457979004474382,0.3448681025950814,0.7371622659570244,0.08505816483062313
0.1782128350563441,0.10969134526559854,0.6575269694485091,0.6881024566529635,0.6672812749817835,0.6741740609976369,0.055188073856790316
0.21978966375791198,0.129109553514274,0.5668768377696154,0.8605867195279351,0.7686975831142054,0.7003351048565339,0.08931589298581846
0.20498644155275264,0.12243541877719553,0.8943946443471379,0.7254483033915795,0.8992971502117298,0.6533927554838731,0.048903191767783176
0.17511798966658715,0.10821835052128534,0.4816997754181013,0.7218428480486753,0.46761887420303694,0.7214361000872614,0.08472458599698196
0.17061531957563814,0.10545864567197766,0.3935826903162424,0.722890198820363,0.8274125872251046,0.6069282276613582,0.02052471817713639
0.252664684228442,0.1457773763942624,0.7322223162606134,0.94696834419727,0.15506091709361125,0.931989238816628,0.22935301621368315
0.11766055802694206,0.08154622686404576,0.49222534901850346,0.5142295908038804,0.07360901922572198,0.754999308549841,0.07955299587865905
0.19614414753639997,0.11860890309805412,0.6128133227316794,0.7683785367542516,0.3038190896866039,0.8039047782128447,0.13670734867797374
0.14158924753769334,0.09223107568003647,0.23823799492678338,0.6612161938922461,0.2594529113513803,0.7254249222615778,0.07891719243103763
0.15967333315893473,0.10092002592130658,0.6990110575423766,0.6099957670690184,0.7063705217344891,0.6379799998403662,0.02613928845938926
0.10867849098390803,0.07709632282021124,0.6605173858758301,0.4367557998284948,0.4128731380119851,0.649618848627337,0.012482150102712187
0.12868374918799383,0.08591495505679464,0.3326716568878956,0.5883164228478597,0.5181929520302153,0.6351947722964864,0.020519624225589624
0.15955426693313274,0.10086244306179845,0.11738650360127789,0.7586589435016571,0.030408960279930924,0.8132109136881092,0.1386695335752722
0.1746159169494933,0.10860627203943124,0.7836142122420138,0.6477393912372799,0.35706319508203554,0.7641356381184561,0.10130526931553378
0.1845034880430951,0.11296319508874711,0.8288929397223695,0.6694862473830389,0.6516025224025184,0.6940366889717016,0.06486251161917714
0.15597743696095778,0.09869432814512867,0.25818526692276356,0.7056481620823094,0.5437062872753315,0.6637785376007358,0.04970452126140156
0.22261727870637496,0.13143726768387134,0.9983070019235796,0.7683836275077884,0.5415008953971278,0.7865578350127831,0.12866496557471396
0.13199438486951617,0.08678037990808572,0.01752752434542082,0.6754149737295898,0.6704163195846258,0.5838534213154466,5.56324757304022E-4
0.14979922124518208,0.09625127996809739,0.6242160084178727,0.5932583859225098,0.6123403578563824,0.6485760235911467,0.029805902365273043
0.1637369397412465,0.10261468866983826,0.4482575047254552,0.6872017491483221,0.5847882975088531,0.6698822075769612,0.051794886829218845
0.15891951834423115,0.10174791743664562,0.9572868480706359,0.5507429669505763,0.1322681336619494,0.8137784613962538,0.11857443349524142
0.17731828315560788,0.1104026633974039,0.9297304032053696,0.6243574693900199,0.14621203246072006,0.8348355253211381,0.13871121545884968
0.19408759228923628,0.11695666160880375,0.579700028968168,0.7638190659690289,0.7656105751845872,0.6651909072988916,0.05857760915241478
0.2044187060220578,0.1228449375347504,0.7391666577497901,0.7687314474223045,0.21787099434716872,0.845392949618479,0.16045531451119727
0.237754717216825,0.13836516100221338,0.6271925069342696,0.9166983100278813,0.2897474051094664,0.8676617508260863,0.18948924172816536
0.17856123619891048,0.10987855625882009,0.7247160707276837,0.6723289389114266,0.7291244931976031,0.6591402463872996,0.04525894699478294
0.1354297734156161,0.08967540342247793,0.4378744527477505,0.5905567193746389,0.22413636900243755,0.7343683865226671,0.07660861985132483
0.20111082832765156,0.1214298561761283,0.7923033497249181,0.7442987504688856,0.16740921777894283,0.857367944772448,0.16454955299041327
0.2446422941239338,0.14118180260935198,0.7048271221116762,0.9182416597431546,0.7097148272098882,0.7579511322593815,0.12873248545797866
0.21084136942622952,0.12610267793169236,0.8746468849953524,0.759168260838603,0.21700955708232794,0.8597945085385568,0.16797181080309637
0.1842273972403521,0.11195997194605961,0.17380440876820386,0.8292739049532141,0.5332000290235177,0.7038499944262532,0.08598866795442597
0.1492645460962874,0.09544068203786728,0.09981871133826953,0.7211805962838829,0.41342313977076617,0.6863306351588645,0.06341540897657423
0.1525829189000562,0.09794206571224237,0.7905971461988637,0.5637970467671211,0.5314574848399602,0.6822709831215356,0.04593193888499367
0.10084844949442875,0.07318753937307161,0.5227673705386716,0.4419002379448864,0.3994658919377537,0.6372912242350779,0.005604187199367006
0.19193370222828043,0.11667014400517298,0.5933138602952859,0.7584905068133072,0.23972709019590027,0.8158751484847859,0.14216771556126045
0.26590212265129004,0.1523159539079063,0.8535081091693528,0.9663095740329827,0.09923553844796672,0.9715634712330207,0.2542018791793687
0.18293748544271182,0.11288896098117808,0.9109446822558024,0.6482128634406132,0.25425645700892135,0.8106393663791602,0.1278721657684694
0.23509987697139606,0.13711813546843898,0.3873052205148205,0.9686084144020446,0.0026224984276488057,0.9386592063220142,0.23410401213240517
0.16813856346008535,0.10485097477671597,0.7847449782601943,0.6182179230145692,0.8650083164968372,0.6069615147527447,0.010132077001456768
0.1879670616452642,0.11373543878852993,0.19332341818847415,0.8379304878408849,0.5532090895618575,0.7040569702812002,0.08718649712501832
0.18313243898816423,0.11177906887009927,0.27268645308755973,0.8027009096152442,0.3988898141184324,0.745098891855364,0.10637851059346634
0.1723319806286014,0.1076479676725415,0.6150090169924014,0.6836528740845585,0.0694908795715444,0.8384342217096595,0.14622145034245398
0.22730093652679456,0.13351965995432108,0.992028955360862,0.785944874103551,0.6350620475621975,0.7657166299994078,0.1190264105004892
0.27532023092277624,0.1557956374759201,0.8271622315586616,0.9993434111808852,0.7937319142496074,0.7815956111721007,0.15181750354698603
0.20393941146996006,0.12151325726353501,0.527929615274557,0.812089698932404,0.7873391191745502,0.6709373975606372,0.06713642916590795
0.18896693644615742,0.11478375637504315,0.3856806680173663,0.7969683149196751,0.35295801981908814,0.7709640380275867,0.12064280714235866
0.17057562290522327,0.10587130881688023,0.1324981412648944,0.7932121039302558,0.20513335096797974,0.7785175252993013,0.12334761988591898
0.1895847856837455,0.11544098823299882,0.9593691471537364,0.6551337939801158,0.7515162102318723,0.6769813987656154,0.05423844149305606
0.16352821978502452,0.1022617491413541,0.2559984134171871,0.7336480248753187,0.548569742013742,0.6730089335508457,0.05808102572969342
0.16828677762676053,0.10540024379162767,0.5333007215716613,0.687143034964381,0.21883222503413974,0.7861387736950352,0.11707226400824218
0.20134199451876886,0.1204027921684246,0.37222131885768706,0.8435245121630863,0.5174597253421436,0.7401132670272573,0.10873007174530948
0.12576573426759508,0.08465351582864239,0.09503618911412491,0.6395933054953217,0.15229677631462635,0.7288553470390422,0.07772674498795917
0.13240561741624027,0.08804550943573781,0.1730315724175414,0.6458155058148722,0.0614117456475289,0.7676659270535251,0.10045054640807094
0.1485763335305515,0.09659805642411645,0.9623614414949795,0.5096997888357206,0.322250993744986,0.7439103173177601,0.07484291360405042
0.21347514289729502,0.1259043853281237,0.10641574120047309,0.9538679305841706,0.3903988826899731,0.784519436429524,0.14512826351228578
0.22158161012915537,0.13061405794054057,0.33449193272003325,0.9320622925074946,0.014460824430958391,0.914043097655747,0.2159147836570593
0.21791534236695576,0.128923570435471,0.5181545621424724,0.8719963118838365,0.19383519227476,0.8633768212596703,0.18147259131076318
0.20039277810791614,0.11941184785501692,0.15760530725195188,0.8906509991549898,0.6671774716857775,0.6871777820331126,0.08369239678422916
0.15729238379931246,0.09870057858998729,0.1263819772176771,0.7391783719041367,0.8455425264886431,0.5728049987006691,0.0022093000736035733
0.23756179752495954,0.1386254813808365,0.6533351267601157,0.9121742191115737,0.060569363947646004,0.9351385227907473,0.22675986673113188
0.07843825329715785,0.06231792237893633,0.043847846512313576,0.48093154884491984,0.02813066726514916,0.6958919598389582,0.0407905004600432
0.08109414629341918,0.0638763384589007,0.2183458116507798,0.448335253465183,0.00970028514938702,0.7115080343067316,0.046493533722849596
0.11450268677827788,0.07892525370855609,0.012324706187719695,0.6165344954517489,0.345361998067184,0.6535261549114496,0.032646648300950515
0.23062263104206845,0.1346946155952611,0.8271047909592506,0.8370654938043205,0.7375023826749145,0.7344689496284622,0.10677278196702769
0.08075694676345581,0.06417694872903357,0.6036753474425234,0.35209317892242725,0.11831075485797087,0.6936716995381051,0.027069911920534533
0.220128511534456,0.13038639556800333,0.8608841276423056,0.7955932373818578,0.28690951319965713,0.8521114140357747,0.16782618790100604
0.2302410083078836,0.13450107288895666,0.5800107236788322,0.8989158826431669,0.4593630481880397,0.8058107158677685,0.15269623208801575
0.1986009937184875,0.11817671597864672,0.10634779434220579,0.8940971819663039,0.8925829733908756,0.6170488251995027,0.044709196602255516
0.16145730987508847,0.10131392008334897,0.4011268185964862,0.6891674838948123,0.6928454944178591,0.6334078315074346,0.03145225043788019
0.23656326224778615,0.13664763237376087,0.2958273324560783,0.9878604417979469,0.7551745932485844,0.7180559235204788,0.11274356637405396
0.1375456873428281,0.09015002408005468,0.2427531855728713,0.643966753686062,0.3866879686930196,0.6827713697221623,0.053126676380997356
0.20690932519798394,0.12310296737084474,0.7068031846192503,0.7785538707266351,0.8607136513024611,0.660410463207645,0.05815059336409634
0.05494143084576428,0.052587262298197754,0.9807543028825749,0.16658414451071668,0.08374023724863983,0.681050158933767,2.2150471863022214E-4
0.2382653591804894,0.1383980936732819,0.33732712144675525,0.9911581505089374,0.1066969569071251,0.910976575294991,0.22103429066607677
0.21504873593207252,0.12794543856522825,0.6091471098695043,0.841333795307557,0.019231086118569496,0.9135572563926981,0.20634450174541782
0.2345727750075758,0.13604225413055834,0.2808422308890251,0.987213128839433,0.4884963494944462,0.7923805814090276,0.15411025735832024
0.2435105858952494,0.1404171164465711,0.7340936770409092,0.9047422161017967,0.9124216868313022,0.6983608455530739,0.09402227314289903
0.18888011573942495,0.1147580351984929,0.5557635236726925,0.7531752489126814,0.539504065228479,0.7227902505983899,0.08941253311164163
0.11951279073222827,0.08199869119997699,0.24878462285333927,0.5799076819882962,0.10407802705246051,0.7397237196842298,0.07756381119850601
0.12080977044853547,0.0833809258715815,0.7407799433316912,0.46479460306968906,0.10994806388144922,0.7581034513887495,0.07664156889048337
0.20886475599930376,0.12500264033070194,0.9926434661724572,0.7203742609638895,0.47502930266388105,0.78617669929471,0.12288752977282505
0.1496344013020498,0.09642833117094274,0.707264077360199,0.5734571557002155,0.5206677004582705,0.6781349051066171,0.04438161295035334
0.21574807633051507,0.12769576547303868,0.47794967034760766,0.8727576721201548,0.2953915824447798,0.8292132687334216,0.162310943450706
0.22867877721345695,0.13424479301140135,0.7780234935394121,0.8464223585224473,0.3326418699144827,0.8478608869518762,0.17096500724112546
0.20619406878871957,0.12367707058154473,0.6981246408084698,0.7856502089822857,0.1767610211020821,0.8583725558996925,0.1694809866939915
0.1683648024680943,0.10489917670970786,0.3864090416123426,0.7206777618364022,0.4450092621460488,0.7148948214131623,0.08053085462696272
0.23575257039445832,0.13688641041040442,0.6768090505806241,0.8923382757469163,0.7387861485799913,0.7358095992998916,0.11325909953208169
0.2162401654775167,0.12756062604261692,0.6334315452475393,0.8316748144452184,0.7481463897549174,0.7037486539030597,0.08816945373701819
0.22081061403738667,0.1298961861951816,0.4322093307534695,0.901312934766939,0.3884081060796484,0.8076055062005467,0.15334475792347668
0.2210546562718449,0.13102484009638965,0.7567463635460523,0.8273013009579249,0.018368864125380732,0.9278163828460275,0.21331737348860336
0.11363639389375978,0.07919694909387269,0.5982269433273735,0.4687611459558236,0.5236969101249853,0.6220596543669984,5.200569186985022E-4
0.15268947642924902,0.0975276369157778,0.5939519910094949,0.6107896430572219,0.6457690068194285,0.6418193200280983,0.027926829836810482
0.21297186968097404,0.1261570577454872,0.4721925010238925,0.8622849876368428,0.4535634395142154,0.778964652072537,0.13301734566549578
0.22907821979488877,0.13410682308255711,0.5007503100126296,0.9162803706133495,0.25149894124027045,0.861789414423291,0.18562243207241763
0.22336134417458167,0.12984422074909063,0.13690942105007314,0.9759889633970259,0.9750980707338456,0.6293191043706786,0.061142251156933294
0.11900294537673378,0.08165191082782564,0.4800924824847352,0.5178887968181174,0.45090938393827074,0.6465133052420238,0.019341424191788678
0.2293743977893808,0.1334871074191617,0.4601780544918014,0.9215353984839658,0.7652565098205366,0.7109991845470787,0.10184967499927847
0.18586318193323928,0.11334497835213592,0.8968677249311029,0.6548663721114564,0.9243913258843703,0.6190004797254557,0.021562582788449053
0.18619022320787687,0.11222664188770132,0.0436920933947402,0.8643508371621181,0.8713519134155728,0.6032775330623168,0.03331880546756089
0.18555198316725652,0.11310252526768902,0.44037001708207213,0.7699827463230442,0.4632993061989393,0.735987298603928,0.09822968329097201
0.08746017622646801,0.06704529597342294,0.4080139395068187,0.4241664435987111,0.11762088172820466,0.6961403532997518,0.03593149175598538
0.14813395140643332,0.09447237357726909,0.11319151986734965,0.7100875248955076,0.7483136445548797,0.5876348251258305,0.007077318383067979
0.25086355382112707,0.14496748856527963,0.8273989006006671,0.9163598071840975,0.23373680043672096,0.9100342805637462,0.21396625301909317
0.19089896880604396,0.1155492211714618,0.5826453870568093,0.7522879836257237,0.6928047231984672,0.6819847717733524,0.066637685089313
0.11905165965914262,0.0814113054466181,0.3266388115498341,0.5552462047176792,0.4669591541422288,0.6362143291165069,0.017246833510087073
0.10271039073750475,0.07533377628602776,0.9981736794534868,0.3371647432334906,0.01969959157744187,0.7682308626654265,0.06866591093706706
0.09622136667317793,0.07153524933316059,0.7751642832276711,0.36475306430240273,0.2946427880093978,0.6706226793518889,0.016390981732325893
0.16047958711911237,0.10038368950921922,0.0668246431474758,0.7674810716796288,0.6485066246477522,0.6325399503022686,0.03857945366201135
0.19526610483820456,0.11768040114890245,0.6395227463575076,0.7541329038606054,0.7131642415326486,0.6843667490371954,0.06842334990220744
0.15824991456437776,0.10049105418331097,0.31979072825275867,0.7040358490002129,0.08393584177497652,0.8032670187037256,0.12767610245700967
0.23317452835616798,0.1355703516513324,0.6946167395138166,0.8776014430886503,0.8293439011511088,0.7064189351199823,0.09522166707447907
0.26826712229436417,0.1533276336957118,0.9380107482071279,0.9523749121667512,0.27789114716689395,0.9259985912755028,0.22750926542480407
0.17335046679745228,0.10675477549912502,0.16702147874100015,0.7909432834018163,0.5635798022305001,0.6792912013359446,0.06782182806023407
0.18051068569145406,0.11100849949823713,0.4988403769913833,0.7390304794737252,0.3139960477208942,0.7744990416919372,0.11641327195570002
0.20918100541992174,0.12569862463630002,0.989102851202653,0.7269082841849867,0.06780713146911253,0.905157164434919,0.1900690356974382
0.23536157321916812,0.13731747279733758,0.9279902479703466,0.8315680783305032,0.5761939768719929,0.7919485039207805,0.1386670881705636
0.26297502365239067,0.15072285460487558,0.9433524394748554,0.9309183309642496,0.3560365493715831,0.895906151589851,0.20825128980303623
0.11778395423249338,0.08195257994909466,0.9947821529344743,0.3886922736004037,0.40165479056038494,0.6782228989129114,0.024334524325405314
0.22792946897260322,0.13370384705241578,0.5946875758145753,0.8891686694656413,0.2565313039615636,0.8621747794357175,0.183109492340758
0.20434367990321523,0.12205722276067257,0.3910837896529894,0.8515321780227671,0.36797370527669543,0.7886373084977121,0.13683203322621962
0.23127823473310222,0.1356081615405878,0.967179567961825,0.8084839076800144,0.4554944762110422,0.822771290647404,0.15338268506300481
0.21634213792484272,0.1273307510144007,0.34540915577618314,0.9036059231340171,0.6183051277079369,0.7310462844412627,0.11048601726406268
0.11603638840786452,0.07997077971536946,0.0559123242092244,0.6135623974344697,0.16072592436737707,0.7111239440237469,0.06465403615289433
0.22693544761382267,0.1326024161897371,0.6579722788221248,0.8641573757622671,0.7955169456917883,0.7060519159619868,0.0933089328637457
0.10723387911818155,0.07678619252429755,0.5866977050405381,0.45348106274283995,0.05070197566355401,0.7503631781995443,0.07035636918372128
0.1451901685226336,0.09373745074944398,0.12034326886771876,0.7029290587932114,0.2696498578928731,0.7231974857107188,0.08198430464048345
0.18622972931885048,0.11260064813955972,0.2570364340223611,0.8127116024663366,0.8573853032428062,0.6153160945644799,0.03499209936299585
0.23285463170000323,0.13666512168910683,0.8013120806597566,0.8592918329636936,0.03361027088363141,0.9417942367386926,0.2250049485900374
0.2449406954335296,0.14172282988156354,0.6324681594822743,0.9411530469539835,0.3305393271774325,0.8661812106301795,0.1915071194292182
0.19333039687251014,0.11609136444126493,0.3468754478487149,0.8165974284845277,0.8685499616604909,0.6254839018872311,0.04150173318171562
0.21416487129106682,0.12693087598306027,0.44394226329019437,0.8755842196345819,0.2667328655399244,0.8340534550761088,0.1651950126764731
0.267943358063096,0.15296715314748682,0.9510086736670431,0.9461663660135926,0.44586219243235503,0.8770747454652857,0.19952754890447802
0.17135124316112837,0.10658485136223797,0.7137410893447513,0.6498649119801252,0.6260920470037912,0.6785118512181348,0.05343744826217363
0.06732074754104017,0.05763626851169867,0.47463631459725253,0.3347692862916289,0.0971606968076237,0.6759577409004011,0.014628276262164135
0.0845615017875971,0.06645260990021112,0.8053885423269829,0.3181239085699223,0.0038442342143565605,0.7399136812235014,0.049833073776424354
0.17583692080854896,0.10938742248678865,0.9555903242800223,0.609761538106595,0.4076127476177619,0.7575189925831998,0.09396102367666906
0.19974191915827982,0.12102726352719995,0.8382087822790187,0.729555724315533,0.03927720254393096,0.8944624725967831,0.18375873419493188
0.159795271978184,0.1007953429690942,0.16305891912849743,0.746343718752175,0.21735991308020164,0.7607707346256957,0.10815880738624939
0.18452427270564753,0.1136686647769936,0.8525459747443304,0.6691962842261666,0.16570241581822892,0.8365322525335015,0.14450408233748968
0.2253434925830798,0.13304661842876717,0.9116047581470297,0.8031498995695129,0.20611345500476966,0.8849459367703216,0.18725043959678497
0.15471636503182773,0.09871275425477605,0.6533352125048637,0.6047951499725881,0.5489480682415386,0.6751148245402117,0.04608160571233519
0.1641154884749551,0.1031688960903473,0.6423893278339252,0.6418839246918153,0.534022142119232,0.6924131375584563,0.05997503108719176
0.21873125184157538,0.12893581238747012,0.12813640739561705,0.9718900235270665,0.01625987499767332,0.9018154465092109,0.2128026159419238
0.1523583364427531,0.09719733616659881,0.10223051457237878,0.7342211950940216,0.2015530362843499,0.7525538134589258,0.10191179912026241
0.16451696107690905,0.10333949016244798,0.8836012725470108,0.5813488272753591,0.8291958263021542,0.6159176947885321,0.011300302372797097
0.21998302836778605,0.12930284653908428,0.552817030701784,0.8657287965292565,0.677288855337582,0.726724423168535,0.1045859939854483
0.19122125792925965,0.11615867062796839,0.541065690641556,0.7678635458230144,0.307298836354823,0.7932349916874668,0.13038355860226777
0.2300424300547854,0.13395164833073991,0.34694777796490467,0.9542108811629488,0.52422990890803,0.7779827296471472,0.1425433981116745
0.06098220425662477,0.05445734697406431,0.2928397401273801,0.3568320180466113,0.01536619240354907,0.6840434133724492,0.0209143316046381
0.22514204745621802,0.1309702332446168,0.32551004200206346,0.9364419421968886,0.9861800504423958,0.635614944661194,0.060898573306541255
0.18903862979771185,0.1150801505376071,0.5524946104325309,0.7566143909146229,0.35338438569075464,0.7771285501388889,0.12013975213187937
0.16477731697592302,0.10385785497707233,0.48245902774810084,0.6883712774660323,0.07084379699977197,0.822389699894435,0.1372408633387678
0.25034655976375075,0.14446901348447455,0.9555571114533075,0.8795437422582317,0.5699977693996513,0.8160681949543717,0.15779043276845456
0.14353190924890916,0.09313304558678018,0.5784412713046649,0.5809305042503004,0.6689490190344636,0.6214777924858705,0.013055461743097574
0.1487751245797894,0.09552880012077111,0.0985259906577475,0.7223493368282067,0.17573376841619848,0.7548487370264645,0.101807506908794
0.10036419738135743,0.07272890783822115,0.3322583632860835,0.4870971494288403,0.3469415735643193,0.644842777468944,0.014224576694506325
0.19587846257979363,0.11809285538759076,0.2726238976313563,0.8514259917897093,0.19592337228809678,0.8223503976411064,0.155141033448485
0.20979292067934838,0.1245451315179292,0.18771504459087934,0.922761064090755,0.20059887866595966,0.837609484354134,0.17153237523321802
0.16263606985963225,0.10145461437682335,0.14009073908205028,0.7569615550411879,0.6974421469136267,0.6240618091057965,0.03294347558679453
0.20893924818966486,0.12476455790153003,0.8359268469545722,0.7585827474512885,0.4944342329002438,0.7748156560001777,0.12028414716146377
0.14352742682964426,0.09378781786509341,0.8178450453209223,0.5249208227639477,0.462697107694366,0.6904512992919548,0.046129858305471644
0.24268004794524428,0.14089918750793484,0.7619290153245571,0.9017511164998991,0.2985736076897657,0.8770852815744163,0.19360134085723352
0.19892732053984247,0.11872736420792647,0.3576713998601285,0.8341007006475851,0.8927352145697421,0.6267893573410794,0.04429672300274871
0.19569674882881688,0.11786169771427105,0.8138677323465113,0.7108207702468604,0.9328277897014388,0.627436019619781,0.03237659403564919
0.1484217472331976,0.09541067985006009,0.010364463318992212,0.7440665146564475,0.03675071651516155,0.7915757924276906,0.12444731560999642
0.19329392752139296,0.11627870633673609,0.18497044729970372,0.8596469830497123,0.5291177750609014,0.7183360445337488,0.0976309274627135
0.10335581418117956,0.07485539107989704,0.8107932484220538,0.3811311186644142,0.38043443437395724,0.6570819941621593,0.010871462754406508
0.2488736029866168,0.14332459903920336,0.9757786525117641,0.8653332002977229,0.9231169470931637,0.7118282011665528,0.09802573297366514
0.13017820462084526,0.08705143413638236,0.7142867906500788,0.49944101978204203,0.6460585561687234,0.614212374819891,1.734355396668663E-4
0.201611381317996,0.12041846195913677,0.2695796668366351,0.8699027487531563,0.48065442635177397,0.7474140752239522,0.11541345199624094
0.17469738997653317,0.10716115396374243,0.10675479447281833,0.8094041972795639,0.6645173303269972,0.6495571290830378,0.05309077061235362
0.1800772704443103,0.1099158024680415,0.21746537051655823,0.8023162239506071,0.6415008420250323,0.6680142248078946,0.06305201609912389
0.1652916805589945,0.10347945190722069,0.18792736657010548,0.7606571339426554,0.1872633212536534,0.7782727478797805,0.11969038025462403
0.16906302871028542,0.1062895054154591,0.9901184997134407,0.57713300935361,0.3655255320722377,0.7614387617702697,0.09253177053708908
0.15984062525604187,0.10137440370108268,0.5861497393381204,0.6426116216526409,0.2981695521194656,0.7529794871289521,0.09364136643169026
0.2175614751352577,0.12770875192853182,0.45741372600617536,0.8777006117541284,0.8960406233127748,0.6560022065177568,0.0660671035786182
0.10858214011246099,0.07658130184951928,0.22156586036133535,0.5450905936196322,0.24850677306868177,0.6810973818854621,0.04069086215795869
0.2790815334562983,0.15777948889333704,0.9424749791513165,0.9851438954790411,0.7789766178494025,0.7955163356722323,0.15844442422918073
0.14082174903464834,0.09204772734849723,0.6875415520706669,0.54471091868758,0.6492366636779142,0.6274174529199383,0.012657810683910559
0.20110636562056855,0.12059061471560992,0.6530356455820905,0.7731283691454713,0.6232125695246116,0.7193776315853956,0.09022433742392993
0.18183681658538997,0.11154176097739793,0.46524591130684784,0.7516978776352041,0.34505085300958466,0.7660881234963725,0.11303492221458326
0.1283248304471695,0.08595244283269089,0.26994663106455663,0.6047885709027387,0.29202094688057306,0.698263766283999,0.057372819817336704
0.15057114417561263,0.09596166074582811,0.1650924656014744,0.7084058863145332,0.5617642645312096,0.64738221539594,0.040469492986634936
0.24587037659296151,0.14195594811814843,0.9882155987385579,0.8516427998512246,0.8975584345875404,0.7154698901251553,0.09853249563147627
0.24773408106865538,0.1437337920393088,0.9924983685280858,0.864667706423375,0.2420743720944771,0.9092814766934131,0.20828456803279682
0.12364513418261631,0.0834619960018437,0.05564807527695906,0.6404314796787782,0.24434102782281197,0.6975601818597083,0.06017924597584174
0.19953342931397117,0.12005447879973,0.9393972087297686,0.6956956739681706,0.8021138205207647,0.6756325267590961,0.058080984760966875
0.14878119107329424,0.09578761823934379,0.33981056174634294,0.6626116302075097,0.2676051539174372,0.7370354037355833,0.08599510650730861
0.24419033970645554,0.1406478088841723,0.7252851412844529,0.9087295924955724,0.9696065151175904,0.6823366295019043,0.08549641848071701
0.2510193649838986,0.1445126097711782,0.6270643184852475,0.963955270173834,0.39083394181870096,0.8570482571531263,0.18901538730782505
0.15288117568246318,0.09751434208710441,0.19747076753914322,0.7122784197647605,0.2612394847539975,0.7394367007421617,0.09246070566516394
0.21318657670286645,0.12659904709698533,0.8969182927386529,0.7569709771212972,0.6966669648440977,0.7241830751474628,0.0920833926754405
0.24265224389348383,0.1404918721147452,0.5568988225233511,0.9509833084061441,0.3508921622385534,0.8541961488381876,0.18562641427971202
0.16881522400888668,0.1050161213732261,0.2525320008835588,0.7558504158811835,0.3604134100890846,0.735220301269419,0.09536932156716779
0.0713092983277056,0.06012360977979159,0.7806508303859376,0.27575155918253846,0.012172773269517823,0.7177396302278422,0.03245494544195399
0.17914796609193298,0.11115536175119124,0.7556497592566485,0.674718856300629,0.027911942123755022,0.8654509052163926,0.16087725990337468
0.1211734466041571,0.08345310502998647,0.7741355242708376,0.45674886922897007,0.22266406643513786,0.7270124387683555,0.05849309349138932
0.23274975019591335,0.13565242609105704,0.46174354401766887,0.9380739762587309,0.3492345641809339,0.8370798272152561,0.17417248750790862
0.2720992902498851,0.15447466137471927,0.8298463766641273,0.988595176128656,0.6455034431974479,0.8203116296719739,0.17220885185651427
0.21342567656089095,0.127546706376759,0.8424941944656179,0.7786293702618372,0.01749780257196675,0.9204106713265336,0.20393059260031096
0.11456152878932693,0.08041448170070097,0.7990037182136589,0.42704425240823124,0.1822133341329623,0.730327215153469,0.05702222226476076
0.07186699772260628,0.060369702347416586,0.8061656129911381,0.2710946822704099,0.055251014730410136,0.7069255787705351,0.02598742868294583
0.2697660343879716,0.15392200314633017,0.8561104552743551,0.9778858789975493,0.2680510248193171,0.9279581503049227,0.2311982943793086
0.21285578187864637,0.1258047082917987,0.4230745375334797,0.8720182068924779,0.6158727953964118,0.729681886895431,0.10641000666176492
0.17865933147674617,0.1091418381813996,0.4030282244673603,0.7487398345109473,0.9328421707340155,0.5879864177173164,0.012970415900425348
0.21508923964207144,0.126547042932484,0.08776508769149205,0.9635324096821493,0.4587998605960755,0.766189443488629,0.13592796831901058
0.2319690923068103,0.1349993839718871,0.3704953690176686,0.9563016301587344,0.45205799527759616,0.8026241359387237,0.1566456698569738
0.21508930944875673,0.12664297641330505,0.318146588525971,0.9052570247381341,0.6561084139755042,0.7172393660237951,0.10285005345467818
0.12523721987598646,0.08519509797693389,0.8982989793777315,0.43822783150252537,0.5024906840594633,0.6558515508695635,0.017146706826296407
0.20266006703519485,0.12182386401741821,0.9703513001536356,0.7015156290557037,0.6255477622891661,0.7326735528446022,0.09073820868398322
0.16240731565844935,0.10217251103962455,0.49998812102742946,0.6706318387959015,0.5063895048107225,0.6927565985292446,0.06287709724327158
0.1766645220479876,0.10843159643616246,0.23093028335863108,0.7875124222469131,0.5592208089354127,0.6876405189393806,0.07236099577055118
0.19095562188696805,0.11586730770343265,0.6488586626471012,0.7379055403715504,0.5548937809557019,0.7247075566979851,0.08911809316797784
0.11504067871232142,0.08077366668108538,0.8474297111621589,0.41745871333338735,0.141013565113202,0.7448094742038669,0.06420991924375279
0.1071392438095661,0.07665547912625685,0.6439836567842663,0.4377467218366038,0.18074827663280635,0.714458547445651,0.04873458464417192
0.198305502377791,0.11886015884292193,0.3028918145397792,0.8493786817650897,0.5135312308016211,0.734372215996436,0.10590398357128729
0.1490057936547587,0.09604868236518643,0.39674993382687335,0.6500999349756896,0.21972005535622538,0.7534198030644336,0.09394364164159034
0.1619316127753089,0.10115321646616347,0.1610786128795574,0.7492785163745974,0.6979779314788984,0.623683151223674,0.03193488527311131
0.169671775836513,0.10431641382440394,0.018083327953104397,0.810020572909858,0.9035593069151588,0.5694720900425259,0.008061631216785015
0.11914149039204042,0.08148244616256649,0.1492417918721617,0.6012856816867758,0.23943108785811498,0.6960630703681727,0.05522482971781167
0.10576275601365026,0.07666507815183278,0.9913256969820485,0.34910480636857366,0.09651194525460383,0.7499311763578819,0.05979548826148059
0.11861917174518136,0.08217813964919807,0.719687885494043,0.460866592130173,0.20712062851465285,0.725893037355056,0.05811096386070911
0.1612782461046382,0.1015185439343615,0.5075822061446827,0.6635947117099539,0.6030797322512285,0.6632589583056088,0.04562493689095759
0.2195154416041905,0.1291601454160314,0.11714320625221447,0.9763607207867705,0.11211663545614334,0.8745897936647451,0.198067974229722
0.15624398577120086,0.09929939658976836,0.332992483503824,0.6913637524186347,0.277379292150805,0.744538066793002,0.09347384992483813
0.2214506859720367,0.13016633361217386,0.8372204400879385,0.7995450114561289,0.8841498668115226,0.6790796557180121,0.07155475352465633
0.0930167998396644,0.07050205183267462,0.8611137438480134,0.3350121298047033,0.036630856180000726,0.7444404840364678,0.05454761245172393
0.0989580707711657,0.07180415271803325,0.09031571159413809,0.541879198199432,0.2562289804523976,0.6603047325276299,0.028149184792063575
0.10613002093664164,0.07639243458165064,0.9593231920356887,0.3549890525863211,0.38893360906533303,0.6640559277780207,0.012382530153497677
0.19001342650532038,0.11551475253685761,0.583079071214692,0.7521035081229442,0.4090827792599965,0.7634177201817374,0.11209305045216991
0.14837454298430952,0.09561156266339643,0.7410174929895642,0.5584110802636976,0.7222236809210633,0.6188643049975225,0.009690573921846905
0.14132285961103977,0.09127125361023657,0.03530508706230096,0.7054413086499209,0.6385751517171733,0.6070456762672833,0.017048594733159783
0.21608404175261559,0.12690073202905167,0.3156785734150511,0.907766255203773,0.8108423194894383,0.6734725585471194,0.07868829340193292
0.1904315854816283,0.11626724884168876,0.7781783362916044,0.7081525557035384,0.22694078598019796,0.824323051007193,0.14186457499003252
0.17340849285428372,0.10673548928333895,0.04779302025806625,0.821337316738684,0.459361866291772,0.7053202059921033,0.08535633574505538
0.2059323436621129,0.12283758702922327,0.6207199062186445,0.7986792278831824,0.6147691976978121,0.7274965352149152,0.0975690257960107
0.1249932117190509,0.08411533560543068,0.05365944096327989,0.6459747386872918,0.23122228550415064,0.7032246042219981,0.06397367272903799
0.23163832490962213,0.13558890539850452,0.8534938895148672,0.8373859189826101,0.4633338351151788,0.8167821477061885,0.1528886741398483
0.19925862480435602,0.1200613062696934,0.5091913290742246,0.8061051422563599,0.20035495672122144,0.834635772639062,0.15778036513464502
0.12042304450763952,0.08278272831259587,0.6590873833830702,0.48092880792706977,0.32116644685827034,0.6929761628250044,0.041785898082537874
0.16477008589212708,0.10324393981481558,0.09973502510365673,0.781460333270228,0.07606466485397766,0.8066634163524893,0.13756927196533075
0.18379682375096773,0.11148157856449037,0.33229057479191415,0.7848269822128813,0.9201517806389663,0.5963604893941861,0.02150965255594954
0.230366368203289,0.1336027773508457,0.17373202406782973,0.995682742457468,0.6934351947652542,0.7227131402082506,0.11572629219383539
0.14036062534976176,0.09193543092921636,0.24968533401139775,0.6561498544466563,0.061343822297089595,0.7818317362586387,0.10988074064214859
0.1692475333863284,0.10541539382723263,0.22246083667345584,0.7667280320745627,0.1819004172989899,0.786737023115792,0.1252649935377933
0.11688471863409816,0.08137685706077286,0.7063026241512169,0.4581439928329333,0.17643026639994683,0.7318751759023392,0.06108029933033683
0.22816702356840565,0.13317043755681315,0.19805612980137333,0.9864247309883583,0.27174836605345914,0.8433676587484866,0.18213903276401044
0.23594539174538098,0.13723605861980737,0.3061733734693195,0.9901739235879428,0.1168440687055452,0.9035679378228418,0.2166506132533306
0.08131262457632181,0.06396015589684555,0.33353396312040773,0.4194403229796224,0.1582788027186271,0.6727956138141357,0.022031964094524403
0.18175856026193754,0.111089628077889,0.346318868935808,0.7785012451306046,0.5130021898979895,0.7126259509713266,0.08576588388414685
0.1724139708619691,0.10772036779833674,0.8781722245161074,0.6167613808396324,0.35096332829377613,0.7662914450822843,0.09933746429551649
0.10561036772472346,0.07482156611361941,0.0056434506000999085,0.5867320687942884,0.25686171464727786,0.6664320424753628,0.03638591961495374
0.23815937534728315,0.13833200346605307,0.6453297742593789,0.911681465473114,0.4768321013056333,0.8143938910604257,0.15924113225013156
0.15587736956150477,0.09939402327093758,0.8710760747251163,0.5542809370803985,0.7054923902120173,0.6392239486727859,0.02113812658447717
0.14567716548847395,0.09364692075126219,0.11241918542140682,0.704103977228501,0.49754614364894323,0.6571877554687031,0.04522411950049209
0.24848809482789574,0.14318305506242485,0.8154580148417063,0.9053649856886192,0.7062163387028634,0.7685380990697738,0.133630419820886
0.11223116042409227,0.07820341016211758,0.01266901145995436,0.6110696416019175,0.08420581241942032,0.7264109386756986,0.07271868611373442
0.21129602176124387,0.12476551855078306,0.08848396581208641,0.9496506138339039,0.44808497273109094,0.7639486950087516,0.13307772164152823
0.2747760696585241,0.15654196695243883,0.9181360156946505,0.9822629885723999,0.15845676523833588,0.9693124016279484,0.25506152373089525
0.13360260963209933,0.08901751501218237,0.7019562495993874,0.5178984281601225,0.3780727650223369,0.6967103626381332,0.04832045031963592
0.20687375165384092,0.12291772661739049,0.6346907133119637,0.7955318467448826,0.9010803688067898,0.6459227189399191,0.05171192277399362
0.1472067168404435,0.09573204294946677,0.5735038664684764,0.6026178701203908,0.029987420777000007,0.812706199686185,0.1223253558230919
0.21097620685576315,0.1250986927605799,0.6170635279275121,0.81694723543092,0.7054373398981488,0.7081073775616977,0.08883408513226473
0.26717099657116805,0.1527613682902376,0.7378238630030257,0.9993156533499914,0.07957983173358747,0.9748033885644448,0.2593267748167285
0.23479162549923735,0.13712763073153467,0.8584613324371675,0.8479721846836971,0.43609679581293126,0.8293835486217475,0.16116858267432785
0.14635424265307764,0.09520091331809322,0.5847075650770969,0.5955962738529408,0.1369374648750674,0.7807457836715906,0.10371508870369645
0.23867811752806428,0.1388758476967133,0.7309831655473514,0.8940554642315522,0.35650500644136607,0.8533704084930247,0.17933809719403138
0.19862215176980472,0.11921877158963344,0.6644242520318937,0.7595580540297265,0.7802848530970116,0.6705002208852006,0.061412115160809445
0.05712876175319601,0.05332758893674856,0.755115384131677,0.22997737269714646,0.039640744387755895,0.6886398194040327,0.010813261979657162
0.15436120269924467,0.09808953399111593,0.20782607062034647,0.7139858776052208,0.3663060966501621,0.7113078247874528,0.07699383882759761
0.2543045475692784,0.14633742860288265,0.6520625850738899,0.9717187204034214,0.22186466720322617,0.9118799987827383,0.22063775934078866
0.14527942714526418,0.09362066055089624,0.36149151752759623,0.6401299506477838,0.667683164244481,0.6162833035388726,0.016061217183260524
0.17195541303008738,0.10727050299192745,0.8950563304202142,0.6088562129255043,0.542293099414426,0.71051359597176,0.0673490282516051
0.14975737866050337,0.09646006649479526,0.4062472488758678,0.6508575152300183,0.189960980245658,0.7635115903744781,0.0997071568891912
0.19062063578529226,0.11529427128866122,0.27449671859326663,0.8292630986331663,0.4250602768995954,0.7481798566505506,0.11117210814126584
0.1857826005753952,0.11231307007279383,0.1622589243235066,0.8347589266546043,0.8029926040581649,0.6270153734802144,0.043665467231554365
0.14269534999009273,0.09331236047308099,0.8023325944457822,0.525199457771063,0.5046002972724661,0.676483318784875,0.0382956790462315
0.23635445112123582,0.13805868112336248,0.9936960038151454,0.8205606392990648,0.452785283891743,0.8317568400879152,0.15990729561788058
0.17775492587622752,0.10960777517719153,0.46949376902060513,0.7357306763788853,0.35002463954838225,0.7589964943891974,0.10725017441391461
0.15534668061295598,0.09829472822122899,0.354532129924451,0.677824103939244,0.7301894350782889,0.6121154553442221,0.01805410561785881
0.19288586577069758,0.11591248224501269,0.41649458971745196,0.7973893545407474,0.9261447639979683,0.6106515258577228,0.031299100932272665
0.09631411180796241,0.07210246414001836,0.9988613571794991,0.3120298328791431,0.16873739740014898,0.7157392353309832,0.0364551601367904
0.17691219185100793,0.10943656582565564,0.3364742444628337,0.7686284176787817,0.02690093797219678,0.8470221510188304,0.15963574490125615
0.08072638213567099,0.06320093291042166,0.08917958277090218,0.4760030204672105,0.22929088045499402,0.6422073395130163,0.010435834430883069
0.10709188570469776,0.07679059119833496,0.7097212061597549,0.42201199659996425,0.1409615989539409,0.7284229993735284,0.05499731813520796
0.20088128061129346,0.12085365850888613,0.8142961263372632,0.7339950220840139,0.5380106369103178,0.7498661328434041,0.10342176166481253
0.21047173966148808,0.12557998494841136,0.7432570071091775,0.7886574389994314,0.3206460819278798,0.8241971066813005,0.15093583870943258
0.1797176167436612,0.11040041459386032,0.47907989453758776,0.7393025538905427,0.4624863265954797,0.7293700072489719,0.09115887258582783
0.18093728493645694,0.11081944993699659,0.1052992585874595,0.8382704162071903,0.14475158372434827,0.8098262782214224,0.14591532278843616
0.17322750660988867,0.10715551293146423,0.4776687346081388,0.7146165418363488,0.5862998631424331,0.6840174364789362,0.06297765583005474
0.14162645532371074,0.09213248593624908,0.14963759470583238,0.6831136581056886,0.24212862994637419,0.727239935943339,0.0820799163321237
0.14198633820332013,0.09236982965138964,0.3269551936789079,0.6395152597735513,0.39913947559196056,0.6885755870398628,0.056213343215281396
0.17638376241317735,0.10860272322183295,0.07981241617607114,0.827721406295124,0.15888305415630988,0.7982932027907832,0.13814878635714664
0.25999487076182864,0.14829720300436303,0.7369914059748073,0.9646559065724915,0.8640863547074112,0.7359750266183411,0.12195385433583206
0.23633480995435033,0.13654131031287467,0.3376626171644549,0.9763184589160728,0.8024437306235107,0.7055089501547779,0.1045833720861505
0.06014020471070938,0.054503922302420446,0.6166044822587537,0.27441114675095873,0.06330829207947711,0.6808849232766894,0.011019735435382701
0.21781125098034232,0.12835729818886552,0.7595157871127671,0.805506417479746,0.8562569788319139,0.6791543787360914,0.0719530381087272
0.06595708609731112,0.057838380345758944,0.976643958604222,0.2080508016180055,0.055301335378047836,0.704836486570288,0.018272424153760625
0.09810493464810548,0.07214851473932149,0.3574339108705461,0.4764222596500486,0.014567818453816918,0.7394183717468454,0.06591411731334948
0.19797178204107557,0.11860969847598632,0.45007835829473236,0.8096727568198624,0.7529698514424529,0.6695858027066405,0.06577069668908661
0.1763729248106916,0.1085835634616294,0.23222258012685199,0.7884947656488609,0.3465915621386939,0.7492331876120881,0.1068752209576894
0.10758083410155259,0.07693587355923281,0.5532057004345889,0.4632113318908282,0.022578839843091253,0.7578089230020753,0.07549437780245644
0.2111602061635794,0.12544198048983873,0.9224542944478733,0.7414250116902914,0.8717843227901114,0.6712226657954034,0.06082343306961377
0.10061869893150269,0.0736183735062932,0.791825485325208,0.37650713402584696,0.3142319086190222,0.6717804928304794,0.018465061411074415
0.10885932204026709,0.07658465574832102,0.20390696183985557,0.5495797129626133,0.3224103457771423,0.6593011605097291,0.02896188826906171
0.2275057621703765,0.13353535740683575,0.9810468466529967,0.7888405050014763,0.6823223228794295,0.7518289509520742,0.11155840616922853
0.24720311583317808,0.14253750271828403,0.5468863150399491,0.9692321522938377,0.4208064514334987,0.8399183399068512,0.1797164964800823
0.14726802693163202,0.09463827993228331,0.03129143143869938,0.7326470394752627,0.22774886973346364,0.7350567826968865,0.09165667127735487
0.18970239100472086,0.11467888444432378,0.12211414435019335,0.8635042465121935,0.38083707508554443,0.754109913706588,0.11778527833072108
0.23777764163331178,0.13744411511032015,0.396285602310605,0.9683442388814796,0.708867170305651,0.7370009940148945,0.12149932737906012
0.25588835233203017,0.14642623922355513,0.6945801111128277,0.9611724084191091,0.7596363426781881,0.7590034129685982,0.13423076255277308
0.24674184824895432,0.1422985127183298,0.9449561424727619,0.8653332189683526,0.8991250065903483,0.714647217838158,0.09946850798951194
0.16139958788928263,0.10173812425647193,0.45027129395155674,0.6800570803525221,0.416752547625835,0.7156005677983291,0.07650957491944257
0.17822103453517119,0.10944630289550744,0.4337862284047287,0.7434520557165715,0.5906464183373991,0.6882184938720122,0.06846421965735688
0.15573973017704934,0.09898172508097994,0.6893443228011645,0.5975253945824736,0.7501920560429047,0.6192629640111185,0.014206735958531183
0.1040884321547405,0.07472920443820522,0.5274279864814365,0.4525687800041581,0.4000140890802288,0.6419079354253556,0.009433371859638464
0.15321550899436293,0.09767413100717326,0.3885963078542912,0.6645109413959095,0.4826255226815479,0.6824895679689186,0.055962196743849946
0.24265378232881601,0.1403440244876452,0.7395196167850959,0.9029547548124288,0.6730659457438732,0.7670917017331602,0.13222067937803705
0.15274209486618667,0.09679419901925929,0.18255027122326026,0.7102374192406602,0.7267643712598348,0.6030341643400473,0.015989922457991537
0.08307702013864723,0.06487607374887024,0.2547805049670906,0.44671577853812394,0.007609700268724429,0.7162859376003642,0.049130170902229174
0.1443855020681437,0.0934381566435471,0.43381323010811434,0.6203054592690642,0.5739464511784839,0.6450098508943557,0.030123693118642214
0.12865788510634898,0.08690694588662828,0.7356249778404935,0.4931460617088347,0.24588942739705055,0.7294508108016596,0.06389087101235769
0.19791432691622796,0.11833489383095959,0.3337650825422497,0.8372536863145855,0.8003543904406655,0.6513826673029335,0.05829233148929138
0.2092483979504161,0.12469117849580334,0.8926878394149325,0.7433573047352384,0.722753066875592,0.710829174606334,0.08303703423765028
0.1914161237996003,0.11597031515814898,0.7411979383134957,0.7149682626459993,0.7473534892300278,0.6727048373657675,0.0578248717189754
0.11255289312112454,0.07779310989022353,9.769253026374618E-4,0.6106302222284978,0.48594170694877553,0.6093706777857307,0.007259023770270743
0.1502269306251563,0.09600081932856225,0.3087259585480471,0.6719856557313842,0.5796369678670887,0.647012275973813,0.03667248497222446
0.15393578147795123,0.09758959860810323,0.030784729922645103,0.7553779647938527,0.38051209347908943,0.699997596985293,0.07469954675346652
0.14675215112003676,0.09466182580717131,0.5391458226205743,0.6027668513725728,0.6209531977319668,0.6385816637834937,0.024959212543014128
0.2560720909838486,0.14638437929350837,0.7279610788745552,0.9522285181589509,0.8936290994583646,0.7214577379269501,0.11237425189809386
0.2272335621045749,0.13281570197993958,0.2597575535307759,0.9679214202315085,0.27894817313918713,0.842231759730841,0.179632521447889
0.06617428791974794,0.05772615427057722,0.9203848751688329,0.22150297433834454,0.14861925667782133,0.6758661759843809,0.003406942844443525
0.10920102496410444,0.07711806109052827,0.3985545283573469,0.5039679737586078,0.27471325414924824,0.6809045562320042,0.03659234814351337
0.190285767432245,0.11483062263838731,0.412687126342321,0.7901174333152035,0.8109787775999927,0.6403746801577924,0.04704203328860032
0.2337279284219953,0.13517333496610856,0.30257637873452786,0.9747231926831659,0.8596834344475435,0.6838242569814308,0.09214019320800387
0.1365323003070586,0.09039358805984626,0.3995755624168237,0.6059976974334895,0.035036099189633324,0.7896173243571567,0.10908001866133707
0.276341816044975,0.1569504684358997,0.9281856999684173,0.9826631532573998,0.4161739633121039,0.896812396630381,0.21466420697722233
0.20367231761768323,0.12132232165917256,0.13721277271162322,0.9107539057724108,0.3801942116753918,0.7747066911125472,0.13480435320842674
0.08762440372563461,0.06654955084221224,0.09191456396631377,0.5011029284754718,0.17311041119373083,0.668480672915372,0.02801599607133388
0.14809709721917688,0.09649115775963862,0.9974152416577889,0.4999508031264333,0.27435701192670175,0.7584855369250942,0.08200662823523847
0.186179917478994,0.1127147084665085,0.018363837571685804,0.8748443729411917,0.47804196238584024,0.7169319847062107,0.09789010938824466
0.21044640764297454,0.12447453369489021,0.1352237346898203,0.9354853169292972,0.42014181796328093,0.7726175033760277,0.136483287655408
0.2045850968438918,0.12326151726501415,0.9189346293612235,0.7260187136394497,0.17778014785747873,0.8639789665288,0.16667186566496592
0.13734313009136018,0.08962114208032695,0.1987358351485023,0.65096675294165,0.6549902339550172,0.6026691320388751,0.00901507363919493
0.1829690873684215,0.11145357603418567,0.5729300638652131,0.7231020569028261,0.9313946837978525,0.6008332267795834,0.017910435286829916
0.18116166872845957,0.11063783062883174,0.6559175313700077,0.6955718562262236,0.9980107295397657,0.5819314314080822,0.004531921382957559
0.15472901267558942,0.09829143903066016,0.20853779413270254,0.7153704502209276,0.3467325531681037,0.7175604613224751,0.0806483340946651
0.1613451113789194,0.10116927745360246,0.14726969668680434,0.7530886184494435,0.4649595072634076,0.6902380178516767,0.06948208941375802
0.13082526413476467,0.08752008691774546,0.4464178253493686,0.5717987013507326,0.21471286622909802,0.730888793747888,0.07253720120738096
0.178592808492827,0.11025304866198793,0.5017663222423303,0.7325450186065449,0.2043172757042492,0.8038423307113349,0.13206355327647848
0.22838663606761633,0.133717171875307,0.9996215728229279,0.7853599883600794,0.8777785128045521,0.6968145471734701,0.08051413291886256
0.20931852851733163,0.12406275147076441,0.11839003572040668,0.9366940802093406,0.31007039254777513,0.8024648385551191,0.15321870940641774
0.23206200637766322,0.13550399862882048,0.6747024168016587,0.8824258427861466,0.4661035613580419,0.8099459455067912,0.15350633167559827
0.1730079331553516,0.10728996778740088,0.3280534629103245,0.7541254828643496,0.23617379119550644,0.7801813627396177,0.12060007455730681
0.2157071151144006,0.12820590173688015,0.7503571463511066,0.8071109360930687,0.221542044955339,0.8607776370132338,0.17352347326292716
0.16645742286644083,0.10432950329152559,0.7186525725050661,0.6312868850341035,0.5851036625567377,0.6836843263665262,0.0542029071290057
0.20451922497497005,0.12218429290714328,0.4004898748021907,0.8501202362377549,0.3465182211395974,0.7954876103542288,0.1405346384227063
0.16173190384405517,0.10261576404903666,0.8246566657912956,0.591189236120365,0.3208579778988448,0.7579013345017134,0.09147279914805811
0.12798226212301891,0.08639212933242113,0.4607557569310129,0.5595547209068251,0.06974481449009394,0.7696239669948249,0.09281633537201406
0.1653387546286843,0.10386142853199014,0.49247818291717627,0.6856994767650058,0.27619569144144807,0.7637205477031365,0.10421249892670392
0.18979428389599132,0.11526241866719297,0.3527685572741193,0.8091312920166386,0.250684757132225,0.8007208289501312,0.13852324489585582
0.12992095009344967,0.08727556263750609,0.7011500024573354,0.5047054272510825,0.3753868969998658,0.6922319447031269,0.04429360090829007
0.22731003232858515,0.13286081224104915,0.5647764178829515,0.8900774689736752,0.6273390730946368,0.75213381504002,0.12163634947721949
0.1542057203248464,0.09868771164424421,0.5144190414071268,0.6403234671766498,0.2272088633125812,0.762990204090698,0.09866168476717607
0.17018552860617614,0.10453863502643228,0.008638172149267652,0.8141409519120554,0.9082064940699095,0.5684975931496421,0.0079526625889504
0.12430216954315733,0.08437667393253752,0.5648190875918626,0.5172363809419478,0.39150875979983163,0.6744942399207432,0.03525295447793595
0.20179887744904187,0.12056768415511386,0.15040439879900408,0.9016328810599704,0.2974004011794189,0.7966597200022423,0.1460673031892515
0.2275827810507467,0.13365406449124848,0.775321381740776,0.8425349876449367,0.3822409852786921,0.831750475001288,0.16150828950616075
0.1743612194722079,0.10794015037681359,0.5157257030248952,0.7110197094696791,0.4479115131807385,0.7273654222161601,0.08693180578437056
0.20494507273500806,0.12307740004530121,0.70684964347606,0.778796225706684,0.19275471525768725,0.8522610115516664,0.16531434104179513
0.12953414696215867,0.08715950631848429,0.42988992327199804,0.5733870113370534,0.010123336322554,0.7880576164268228,0.10457493465793727
0.2707248115061557,0.15374168477839759,0.866275981059697,0.9735764466950932,0.7482466696633877,0.7897709494358854,0.1535761034854538
0.23570492714924116,0.13657101746804495,0.5047364564452554,0.9338790194102988,0.7546731366894012,0.7247305966974743,0.1111322782293425
0.20356599768752617,0.12134530138046185,0.3335928545853919,0.8606227416610366,0.554577978898445,0.7310245484575505,0.10546307913381624
0.08982703057231287,0.06852574802188019,0.6211943719047079,0.38108302041228737,0.10067369685947944,0.7123482214336969,0.04091973231605348
0.24471146962054519,0.14159914684370067,0.9909214143040018,0.848300052280966,0.7587942573995775,0.7543587501118014,0.1198750748223045
0.19528407644637255,0.11708016118333035,0.1322713955851244,0.8792521742469913,0.5721947257053258,0.706656858194603,0.09314663437460718
0.19139620554669295,0.11547346984254928,0.3700723378468942,0.8060458688476105,0.675227708680483,0.6799291075969416,0.07078695442783903
0.21066289823921383,0.12507583444193565,0.6175614420229328,0.8167063118382369,0.6133264438808765,0.7345213113988132,0.10355880439197804
0.22080591743261033,0.13077324512903404,0.9421480854907827,0.7777690808947167,0.33283257452654946,0.8427061399347638,0.16086359947566672
0.13611412176618132,0.0888936713809478,0.09925258205956228,0.6708017479902284,0.6463802480479768,0.5997420861876822,0.009245246267966148
0.14031432626890838,0.09191402115907887,0.7948052008569214,0.5162370991335988,0.6953014631605408,0.6172516789421103,0.0041524158799673555
0.13061518679616446,0.0877463492842467,0.8607758663608718,0.4674757922450202,0.45643159648275844,0.6755226503806846,0.031346965412946765
0.1684068219333549,0.10595302984063021,0.6792162711497427,0.6542354380829247,0.02260978916466778,0.8488993377699006,0.14894448344595224
0.1649015133719754,0.10216294114874774,0.08566747429485366,0.7761809444687637,0.9035169797941056,0.5652130935841555,0.0020663079176791166
0.17239650183503066,0.10584696207629132,0.014067167697825844,0.8229440893110322,0.7220343694808875,0.6260900474685043,0.04115322697801338
