0.24603494513809548,0.13312105713406452,0.3310423399720669,0.9476338409653405,0.4990057170335741,0.6094722854757763,0.18279283516787867
0.16257800858869637,0.0933292014590808,0.08126470061964741,0.7054228697618978,0.39367171772093035,0.5123206342479916,0.09952293662314056
0.16188610370296241,0.09381860510167654,0.30086874290507826,0.6532967953630571,0.04604821535086381,0.6207780086772037,0.1550101436932373
0.14509766124517387,0.08574038278442951,0.22785589754276014,0.6098068111247557,0.052670352778560824,0.5922862003643713,0.13376910263489256
0.23150171686665064,0.1256527297635976,0.3069775692575286,0.8960588401496641,0.9010674396059974,0.4707712112356396,0.09928308333139338
0.11738106908287596,0.07354856299021206,0.9208455873861112,0.3388266407305439,0.16535032638540598,0.5457721135617967,0.07947769548575344
0.17961962349154048,0.10184733598281867,0.21740054542700096,0.7362741576030879,0.22434675340734672,0.5909240691145845,0.1475586093051817
0.0835247668146796,0.05700023141113858,0.556043185298491,0.30478873265160594,0.11554195497648675,0.49865058624149755,0.047679536077458756
0.2038296673234002,0.11431687831359644,0.8294557058742822,0.6757924001702347,0.1991295021919709,0.6553718293312235,0.1791789432896178
0.15911725373128477,0.09150904854989309,0.03669276578606062,0.7027570413553683,0.4750234012761232,0.48204478052014854,0.08211817163264763
0.16603716428103305,0.09482968371659903,0.05983985055516125,0.722389668974546,0.4709040332931315,0.4939359351768249,0.09112297212437342
0.20363953672126717,0.11367161645346957,0.4285195717912818,0.7733367712479909,0.14233508198415637,0.6567811415308245,0.1895129092757441
0.24065898421299609,0.1314434827745125,0.48284072615623713,0.8962460349968888,0.03390299003189565,0.7429922450307689,0.25207181254986705
0.1597374563628845,0.09191889813106388,0.48748374420102164,0.590401903863933,0.9139788640683946,0.37173584004948135,0.009474532314640793
0.12486296309336864,0.07501978673659793,0.04412604289817054,0.5738696587972348,0.675607210321757,0.37520045703391747,0.007610494729711537
0.19526191000862192,0.1097770699037951,0.6377485092109614,0.6897746898410182,0.33070661462931583,0.5977471214794459,0.1477954079272334
0.29007788142053875,0.15504537569020188,0.8067524896809961,0.9948706161546879,0.27215414029835466,0.7557983888778328,0.2719862677534901
0.2201072894457369,0.12161829013004133,0.9124898098561065,0.7104708291196624,0.5988871979161237,0.5650925228923698,0.1331201914984091
0.12985063013817671,0.07852966056641209,0.796644200724539,0.4085251119191423,0.7048798423687821,0.4016671966489136,0.006518547149351621
0.2668541747242119,0.14356279260782953,0.8824789016954502,0.8868825575769673,0.7141898159529099,0.5968021720403034,0.17105840048238297
0.06544492650751761,0.047847203709584736,0.10367170576110196,0.3500529205547011,0.022411874346705506,0.48332128921690337,0.04241343861613297
0.21587481742784112,0.11961104674938544,0.4218668050992025,0.8208054516354267,0.02940171295647398,0.7068273550668162,0.22291001265364624
0.08959371628172391,0.059104733636377804,0.1710615071499183,0.41928949047728925,0.23651941146964547,0.4577431673726535,0.0364073338432914
0.14249672482158615,0.0845675793905361,0.44322355640827993,0.545601852025885,0.25938512145102166,0.5363426645274951,0.09603748668059733
0.10335017334618557,0.06664126248519728,0.8926473198740292,0.29278825447110857,0.3241811253614142,0.4785077151845021,0.03648181961628418
0.22538333892786713,0.12420683608122257,0.9023683792379403,0.7330235750011532,0.5215487881954484,0.594749731797272,0.1522412356626396
0.21379251327414295,0.11887472694614354,0.6331735573556786,0.7610944817875804,0.09059279787535991,0.6938749634999287,0.2096873505330958
0.14346829352558754,0.08423736344654471,0.05112866406065042,0.6431860490227701,0.38658722100271325,0.4861148774326627,0.07757792216108718
0.16553387361939115,0.09525712571856233,0.7717103882111704,0.5435128369819585,0.8078115400805,0.4214499617055003,0.03303758094748116
0.18202686296149373,0.10296561569597476,0.10287397294872747,0.7742263469897017,0.10748741801765327,0.6241490275166639,0.17000386152678848
0.2620581885140726,0.14018804418481975,0.3825192489370712,0.9885421653080422,0.9461108170200163,0.503864340891908,0.12875843347709073
0.17570251370514722,0.09893124577143583,0.19071789905154135,0.7201527933180575,0.9758213309231798,0.36539294067605377,0.019640437048328296
0.08882866408685289,0.05936503366781699,0.5610032323329892,0.3216358328498911,0.2306324435664329,0.47283392887562886,0.03522804216558087
0.13770971143682192,0.08184212971980581,0.4747471982488354,0.516325520071402,0.6336868621967802,0.4216405129319595,0.028739938481515653
0.2801270338405091,0.1501533741908827,0.9744107457232102,0.9141666581372583,0.5982089729298863,0.6528670283114978,0.20590760344375766
0.2646538386074716,0.14210553493167674,0.7028151188582605,0.9215242495485696,0.8112505329675879,0.5587293201306534,0.1530287863849349
0.1431813886740109,0.08431234089115879,0.018417162880662974,0.6522539418518103,0.19285372757843577,0.5409469374173069,0.1091048775214733
0.22185227328639764,0.1221874476559161,0.9406697448241697,0.7074967424384477,0.8218031877806724,0.5036605076099959,0.09859152525309087
0.22151995499921256,0.1226390419326775,0.8864777523561485,0.7251671207225088,0.3092192346743151,0.6505427335272056,0.18242342640450024
0.17397623389396022,0.09952161369814569,0.7024897101386594,0.5941970560701293,0.5319555556972207,0.5112611781763914,0.0887449867816742
0.13625986758431669,0.08098805650796397,0.12771381998023018,0.5986381891049393,0.3532256582213401,0.48843445212503306,0.07405891007289497
0.14572326621187637,0.08641546399331271,0.5071553871563512,0.5435869762702865,0.09819137073401478,0.5902693263151029,0.12619203223726716
0.24151949940500356,0.13221745303304216,0.9948844390039984,0.7711138736030887,0.3594224302006497,0.6683512018571184,0.19813301692794008
0.1533889325020365,0.08897212281240868,0.19810505134241402,0.6419485897046383,0.5321604606857152,0.46324267787500584,0.0652893883097703
0.1370986255811779,0.08157793411898728,0.47030705166077036,0.5154439656940731,0.6098254421350373,0.4275606544016121,0.03192526635623736
0.10556879249439205,0.06789939846941732,0.776137357065142,0.33243903880315734,0.03582961200538614,0.5613630399039583,0.08682984570651683
0.19627949993812127,0.11057708681381319,0.5791764088159077,0.711103320786296,0.02791424307463919,0.6852527606938597,0.19887298698973674
0.18667900596023762,0.10463209956000843,0.2738399711217117,0.742949480635242,0.7032573159976943,0.463495739539287,0.07740955714704764
0.16729281774236324,0.09582847554129026,0.31195824928467236,0.6656409164842625,0.4661936746376744,0.5064433347629468,0.09263379583384818
0.04716700280540878,0.03978352144173202,0.5223793900500677,0.1809749323467706,0.06964847384382929,0.45911547374164724,0.011169739899317922
0.23370863173026013,0.1284131918374344,0.9510786252846096,0.753026182013403,0.38489548942325397,0.6482055548430752,0.18460882121368458
0.1989015712688153,0.11124261891202027,0.9863105316791707,0.6115619568550738,0.9273907506854775,0.44197560088310756,0.05326812934303733
0.15470781160448752,0.08965060907589892,0.27303659527427987,0.6279852726731823,0.5797816066402216,0.4540191814101896,0.05884685660329816
0.1465943682491781,0.08615806404325868,0.4778764393488113,0.5487789300621699,0.5587192784133586,0.45622568919989026,0.051812003662741656
0.19098795922493986,0.10775602611789353,0.4469913350669085,0.7231316963019082,0.10585047389460157,0.6501213980096928,0.18007883948300574
0.17491758832020451,0.100189088748224,0.441201550691727,0.6664268000449513,0.06443375321000722,0.6391413565639518,0.16737859846611644
0.0756167173958702,0.05261972660348752,0.2985266142901297,0.3367912449351128,0.28365382891271246,0.4288764241996903,0.011310268693326842
0.20460043948254597,0.11357476624396928,0.20543781539185635,0.8295064125613734,0.2902423181851112,0.606773280708678,0.167117618900526
0.04494270432115817,0.038467368550592504,0.3421348522130112,0.21692699280116468,0.05350732985817607,0.4539734710813481,0.01167852622397333
0.14413825322220575,0.0854338803146404,0.5893059824171238,0.5148603890325025,0.3640089636253373,0.5136062031171115,0.08041607946592055
0.09393064475272939,0.06176828573893289,0.4240742781763034,0.3752205759892425,0.08162162455297764,0.5184256711629786,0.06628781175913481
0.0873927336007575,0.058552844215162936,0.2822601079622057,0.38678123604965897,0.0035911880828940063,0.526614126782143,0.07158981467502559
0.07818250357606193,0.05390292114827368,0.3276416265694699,0.3392325483142425,0.26766979511756483,0.438259573515764,0.016956034024609212
0.21038410934263843,0.1161282059965669,0.3491967075938979,0.8122026119203034,0.5953936592171681,0.5314034170164406,0.12364485094138197
0.08077183833208709,0.05637152142601499,0.9678062684267618,0.1947280428448695,0.09606366066780228,0.5156865963640995,0.046247789065316916
0.09644448924295501,0.06258458632984834,0.2177813791278095,0.4341994540231916,0.11813914392054974,0.503705401133522,0.06399405850965202
0.25606642304971083,0.13823971940295157,0.9695753961171663,0.8234981557268619,0.9720029205989762,0.509579046519642,0.11540686510862247
0.09212500566416319,0.060554580260320484,0.36203008587941343,0.3816108394109592,0.2738155943577986,0.45755463477505287,0.03276828695174968
0.21817384125732592,0.12051917068713974,0.7774141029781232,0.7365524139095635,0.5768282558319634,0.5637634427988635,0.1348117961777644
0.19487885352735906,0.10993467649543648,0.7262941225055709,0.6684563374098744,0.18346741266151997,0.6433916162382328,0.1712022136588836
0.15944857387730846,0.09151878758789815,0.023413594860319995,0.7061628848264051,0.5682425514758527,0.4548594610335982,0.06727341603528764
0.12093554419688712,0.07431915942786524,0.7105644789951561,0.39820791293115076,0.5948605450139318,0.4178664912711749,0.014006991209184215
0.10384879451210836,0.06576105444512399,0.3731370455348248,0.4186434931378186,0.5436643043090871,0.39599205125360804,0.0027108034617597783
0.224290526177442,0.12293682402546205,0.27674548194836335,0.8832648076382345,0.3487451447717163,0.6203476314639971,0.18120600343766702
0.2509867112015789,0.13586001103790066,0.7379927966090725,0.8645735651858057,0.682593729565228,0.5781047095269819,0.1574263654346041
0.258045552350822,0.13939185931419898,0.9534734461359111,0.8365963798881402,0.7949801981294022,0.5633774407426435,0.14689254125209203
0.09224147272731617,0.05996848353838692,0.1287483546528118,0.43658716294783256,0.475663725999376,0.39025053994575964,5.33001752090038E-4
0.13825318436923373,0.08242797276175928,0.5178085240227245,0.5099567144386878,0.44144584053781005,0.4800278377987566,0.06079399264746699
0.2202939774698551,0.12138235216500212,0.8855892882561143,0.7153904117736996,0.8070079497919693,0.5037147721049838,0.09929786676038643
0.09954743551169012,0.06455380213927263,0.5504441866286842,0.3643150572883601,0.13689031798790857,0.514988271138004,0.06364868859867374
0.23215203048318606,0.12654589255631224,0.4934808452872637,0.8554090110785408,0.6862820182198898,0.5411997170611519,0.13471695720942872
0.1419489624332316,0.08457305630206093,0.6705860036552466,0.48748880962392094,0.32837199159753633,0.5238944897983648,0.08334927918758436
0.19017490243255247,0.10675124042316894,0.7360863793235504,0.6409800181464829,0.8995574958102412,0.42840614715439207,0.048018245370922266
0.054702089739821345,0.04305619212369647,0.30007093705808296,0.2629950514043773,0.030421007371966208,0.4730074447673721,0.027444722419176223
0.15526981947559115,0.09117688455307471,0.7900691724724949,0.5078069590631598,0.2514595188309261,0.5696650626363857,0.11176343164850233
0.16244668217038624,0.09338958103292322,0.315647388623579,0.645861516786272,0.5759297678313325,0.46771789659831403,0.06874137757543206
0.23324597592175697,0.12748786983803667,0.9448662233707439,0.7471484607157238,0.8988406096797722,0.4975568252749629,0.09977687021835069
0.2327639283057013,0.1278797702855492,0.5822451457577533,0.8434348791307463,0.019043046763354,0.7397912641965756,0.24461365461817028
0.1934374415394674,0.10944884082314266,0.8116465680374036,0.6429358240401861,0.1373254869823437,0.6579546716230169,0.17675357123449684
0.03550867223181631,0.03362339414164754,0.0704026290982141,0.24913769268740515,0.013530064816680398,0.44213994407255996,0.007628588348281118
0.2686149082925224,0.14467819122693465,0.8366389383866072,0.9073550921953514,0.4533082415233985,0.6736233497021406,0.21612493501827193
0.22164430811520588,0.12206350505328852,0.9054691722461402,0.7155546963133825,0.7995966697668583,0.5085303423500291,0.10209078415265904
0.13939254790654693,0.08212260398485138,0.15150542069267198,0.601092782193868,0.6389987183433204,0.41049519292768927,0.030919834074306877
0.09248912838132445,0.061616363979046546,0.7031077631591086,0.30278270506404004,0.014371133890216603,0.5463228521182516,0.07469700504723611
0.27840306901676976,0.1492509513611648,0.7731503459207283,0.9587772625003579,0.42720901613619383,0.6927815436441828,0.2324870063239768
0.23832483423307158,0.1300974286886336,0.8394989013898371,0.7943373575345961,0.6262009030744924,0.5803111061874849,0.15098591692686986
0.1682170373542487,0.09652884165422934,0.8645757311071665,0.5294892105672481,0.9155307345397795,0.39731781613292544,0.018339102624583783
0.19796739182748602,0.11065225248445318,0.4876595781145223,0.7347820554454645,0.4561821230264166,0.5594617693049492,0.13096949677620948
0.16825392712808643,0.09602751603469828,0.3237660402191671,0.6640173506988496,0.6691188481662236,0.4491155363636836,0.0604830853156892
0.21689135637916251,0.12010290671770381,0.7968714120915483,0.7284573083500421,0.4582314711440122,0.5972213292590255,0.1526445500982132
0.1134791796716667,0.0702484498079471,0.024552677013215746,0.5424915390020077,0.193637509768949,0.49874309587545457,0.07289609843664943
0.26787795898827804,0.14467462958904256,0.9323695057959744,0.8829581558384731,0.30963150357081487,0.7179934043036749,0.23849541676260722
0.24084668107079935,0.1304197943057342,0.46169776846811256,0.8932366756564185,0.8304992455783524,0.5103507531753331,0.1217197784540307
0.2898478445900037,0.15419721567735875,0.855130996650196,0.9755749724072054,0.8740190279760247,0.5818855131944325,0.17284721778146628
0.20063199325901865,0.11211870854913109,0.273657832636061,0.8010272058097282,0.05658088714345405,0.6717525422587641,0.2004085116450908
0.13085770043043612,0.08010113954399943,0.8918398352509708,0.3967551967764773,0.00794493140978092,0.6097120046878038,0.12174524953226869
0.18248400521862765,0.10328750990761415,0.7965460073762373,0.5989236325171067,0.8369762374738311,0.43795658802793347,0.0487559332604952
0.26814358750515455,0.14419992455738717,0.521412294768717,0.9843610438468373,0.2746665871781737,0.7133176199458006,0.24583381312329758
0.12708673532709994,0.07720988178698458,0.40815186786765645,0.4979617852828846,0.26038815416504635,0.5128540203188053,0.07727326018599877
0.24586041699666164,0.1323874655966636,0.34753570044918747,0.9374377122659949,0.9986167216452702,0.4642519588539705,0.10059076187926194
0.06353087737006793,0.04675943272378412,0.07244030569718451,0.34960109431730074,0.11960226854647868,0.45112256759044095,0.024247282227446793
0.22348340368265865,0.12316378975960507,0.5409584154525602,0.8175801829686636,0.2064416151888232,0.6704665985162785,0.20274070208268954
0.1300754728539594,0.07814404671299427,0.10367762283637241,0.5829640349001742,0.2617269436477211,0.5054180087826387,0.08163171583571435
0.12458548538648552,0.07591833547972525,0.32188945373499567,0.5100872883691785,0.2386028947484577,0.5124488313028799,0.07807840506417353
0.20699488891800855,0.11615652265641631,0.9804169490998814,0.651413420818762,0.12384919226530723,0.6874044259040669,0.19489741804163663
0.05731292495224348,0.044616093352554696,0.6266322718363874,0.19143820679232376,0.1720914544323146,0.44754675412428185,0.0063615253299032035
0.16477791640900577,0.09474639429304094,0.34518074637497537,0.6488539729841387,0.4240750868269934,0.5163752966183501,0.09638454996094838
0.2226330506558435,0.12226255862541202,0.3758565021531155,0.8527246370224539,0.38213427068986305,0.6119390373487348,0.17340864024414898
0.09886118501208206,0.06481148371274435,0.8166675039485526,0.2983381135461783,0.01652348533518325,0.5589613040344562,0.08172613754128832
0.17974599318542206,0.10118530859889888,0.39253066173018025,0.6859246774971584,0.9609619911588924,0.3829530793701112,0.026357278693934356
0.1070935448482416,0.06776044577186051,0.6002931137897443,0.37602077241332077,0.46695506239082,0.4313799862635844,0.018522589222634295
0.15304352465314783,0.08893511262121137,0.04880381450670487,0.6800022120789557,0.2649514130233708,0.5350778653219861,0.10915923933798365
0.15423170895712895,0.08934460779299568,0.09373010889770034,0.671558589877502,0.4304899507526676,0.49019530015785207,0.08331254410966067
0.20914466457195136,0.11637374702275191,0.7265293870954634,0.7177725343779628,0.4198357269203446,0.5947937170473783,0.14975582575658417
0.09463810453528232,0.06173306405595177,0.5200339070693166,0.35016460411102174,0.46667764447229737,0.41078655295477595,0.0036963534443186646
0.1413889332753415,0.08325486331359233,0.0785367698889915,0.6286025771354793,0.4165090323200428,0.47545784048811235,0.07006059997613881
0.14880685882446143,0.08630417309306279,0.06559776597425526,0.6551462607379188,0.7448086920210304,0.38985304670338794,0.02526414676812784
0.22708480725236957,0.1248746226089543,0.6552774494065909,0.8014367951330563,0.33612403128981383,0.6420348704173656,0.18548806930678927
0.1726509022297748,0.09846357843421871,0.33579352601954415,0.6798504296861309,0.42269432038272636,0.5276159840834351,0.10619877406965345
0.12431879898691732,0.07553700103502639,0.4449434474928935,0.4754801952616028,0.5699956710904311,0.42006765874478347,0.0230208051137664
0.18810989610070455,0.10658188872588022,0.9494634958869148,0.5853783920754846,0.550739020018371,0.5350297829672509,0.10205378508796248
0.09244187100854259,0.06097746258051437,0.5303960357142989,0.3418372610929459,0.2684243745646165,0.4658202806987035,0.03351216648248942
0.16289519934496816,0.09449132749882505,0.8543774947905342,0.5166701275543208,0.5465061826575419,0.49690977617792775,0.07243162900852415
0.17042442133358615,0.0977042114874762,0.7820852181736635,0.5597433744772498,0.7239262036285037,0.4532273392760381,0.05270040841394169
0.09246840652171726,0.061259922111363704,0.6556449469925176,0.3120355717627896,0.2149758068523552,0.4860779195775939,0.041919660424080796
0.17668176253809242,0.10095044658167922,0.44216242649666143,0.6720004955688765,0.12052698139749016,0.6253383819158935,0.16031789018142636
0.04504229728701042,0.03941073031460463,0.8865809373875999,0.08505523754166065,0.025619809390388094,0.4824339703831432,0.014675406476697711
0.16036984565335244,0.0926989212756778,0.26454675942368455,0.6537946920259463,0.29997344760940736,0.5432839744688157,0.11163750268685121
0.22221461723218452,0.12235678931477426,0.5595785591587135,0.806495832016454,0.38005557767585896,0.6187642010209752,0.17266864643499286
0.1524153230666121,0.08874907058136404,0.09664778153919162,0.6663611873992594,0.23826324932044404,0.543736527547351,0.11262435158671334
0.14756326099129724,0.08639102197660407,0.12105249590169587,0.6419347203367074,0.3103624935982858,0.51673816191859,0.09483277623631353
0.20078000731161577,0.11209270586098505,0.22910972893636802,0.8121997343596419,0.07569249563183544,0.6647416031875787,0.1975927256207439
0.19959066844218526,0.110925313995321,0.6038196198404896,0.706856492883891,0.9574613713109921,0.42000626573337496,0.05036572902798454
0.25971183163849476,0.14006361707079912,0.5782472930730196,0.9378995072218715,0.44521042726261306,0.6537495176192634,0.20744963203548455
0.1489375655094402,0.08618486113694529,0.0466809987785965,0.6589876387685147,0.8565644514266515,0.35677211920848695,0.007153309930990047
0.25005169660356213,0.1347431197702152,0.5260615611657699,0.9099767575769361,0.9333608689273462,0.4958437081053061,0.11582494562957019
0.2350264490476382,0.1292555864514816,0.7906127370640286,0.8007528165898387,0.037240235454804316,0.7454314980267801,0.24372637641071104
0.11474151182087901,0.07118802114272929,0.15155447696265928,0.5173313272466449,0.08937620329145066,0.5356282234216302,0.09113204057801937
0.18524865820831296,0.103815295126859,0.2671604789412652,0.7383088405694403,0.7981699604103762,0.4335586141647052,0.06012766001601894
0.18269492226230397,0.1022328343307533,0.11631548936272829,0.7646203264259208,0.8975953159414853,0.3953634302771699,0.04119130980437245
0.22262692973879938,0.12323446363425614,0.7530758407844007,0.7639823157000921,0.10161355429283947,0.7076631395848049,0.218231763787499
0.06706598431361939,0.04829611592433555,0.0250238296887793,0.3735097749734127,0.16642898082113705,0.44074182927702826,0.021007251992719647
0.1355618550404666,0.08105836034438646,0.6598375270016154,0.4629622612945319,0.6764688430988467,0.41298696872957497,0.018538626879738812
0.17740936776466767,0.10135029241682199,0.9617152921028207,0.5419100886907096,0.6844407964279379,0.4813201081229653,0.0670964226146894
0.1659549776309034,0.09548342613043179,0.7053723025195181,0.5622737169868868,0.7108441439675551,0.4478437103718989,0.049658845382505035
0.1016123500036962,0.06563437304626706,0.5362150700806638,0.3763266647905823,0.044869025626287806,0.5442090391927349,0.0812920079642547
0.17351542168580586,0.09850316961738713,0.1626026458759966,0.7243703011145546,0.49424952337357675,0.5015701419349868,0.09605301505534082
0.15191685174905256,0.0884218467752208,0.24540504114291334,0.6256626915896162,0.4785750988884574,0.4785198255329162,0.07214293056775657
0.22126809244422285,0.12108939551056006,0.5271049957101528,0.804662710114344,0.9467121662811049,0.45109411894571516,0.07868617584858377
0.2661582342195416,0.14334581773589775,0.4525310297736644,0.9954920721740448,0.130647219289272,0.7499084812055148,0.26725811944839917
0.25573054019642044,0.13770955059127102,0.6061178628582724,0.912411583551739,0.8229053786545886,0.5390679418766731,0.1405851888031352
0.2263945792987275,0.1250538250395407,0.9914762900485962,0.7168788435364678,0.3537194134104906,0.6483960671018799,0.18071598064544386
0.194195418724952,0.109616481366099,0.9090424769169887,0.6191614183740336,0.3919899046891483,0.5884360392663478,0.1356038538259543
0.04766261512574335,0.0394237952001394,0.1263249637257282,0.27944483595623254,0.047585666299681764,0.4515595815670959,0.016624874406772995
0.21213216553896044,0.11702884919368449,0.343715891590603,0.820572445386495,0.5355507468198336,0.5511218187312142,0.13559877857097774
0.14047774025956855,0.08370265878215237,0.37101550226323393,0.5575051049855971,0.10771527383774597,0.5749916644921849,0.11868605314433656
0.1785062719444567,0.10227705207920702,0.6447242068407589,0.6305071272020912,0.015120317244313196,0.6661584516510033,0.1791885932025177
0.24011014538214495,0.13004798001792725,0.06373034800621025,0.992388851698722,0.3842597412707927,0.6245760800964134,0.19525208098285055
0.1183979517043535,0.07313272601011349,0.6672729575051195,0.4001868767202029,0.5327893128861,0.43074251574537725,0.021241122940309304
0.17951063510343399,0.10167515410865663,0.3559338783243686,0.6993747406265093,0.47452702106627154,0.523005975657385,0.10596346505218168
0.21243115868972895,0.11653824212115092,0.013112883024266053,0.9012373919988811,0.6174968627924009,0.5154063920628987,0.12355311155317455
0.07259248524913303,0.051256413519040186,0.22345727521440317,0.3455828601731447,0.14498056695980732,0.46220383833780837,0.030615791887568154
0.30168319930926435,0.16045214458228563,0.9781613706863963,0.9924764985804423,0.5392813935304797,0.7008058563387332,0.24173141818006802
0.13103922262778012,0.07846390382677934,0.26544879947980565,0.5438844939174109,0.5509127602784011,0.4285199806961874,0.03486939975940134
0.1959725485438015,0.10864377643881848,0.09736219593171802,0.8188586205555355,0.7868347929997265,0.44580131776018755,0.07553591122028663
0.2264707885738514,0.12488787578250184,0.7545412006316154,0.7762427977322531,0.22713599977007165,0.6766025248150833,0.20230765768419645
0.19888692612563041,0.11111858805487439,0.33934152071172474,0.7764080599557686,0.26094821051808637,0.6121575594787108,0.16456774453387965
0.20646196179555384,0.11392027815351274,0.09782338376546712,0.8594854607873624,0.560957814055297,0.5265419079938896,0.1253145216308033
0.17990844476101672,0.1018405486056362,0.4131832681721964,0.6859590239250046,0.5581836671746945,0.5013173948510631,0.09254780588906733
0.17343799950391342,0.09850184728037639,0.5603272349539323,0.6224160618468515,0.9309763603647745,0.38895122157308415,0.023093378963822672
0.17677395289436793,0.10085636833980961,0.31780496923417445,0.7030887050218387,0.07748999769065178,0.6333978899159718,0.16787588209634433
0.24182873191784032,0.13118591830567303,0.4873872662550425,0.8926945530514911,0.6383484775462918,0.5686906454904788,0.15434567290122478
0.15504006677541485,0.08994482703151134,0.49876420414257494,0.5724487558789196,0.7414873661466254,0.41574296019626333,0.03202579574409937
0.2647272581789284,0.14233173668762605,0.9857428838836406,0.8508277187404818,0.9992076599824109,0.5145572847625592,0.12140975273870834
0.15560313288950883,0.09014780805188723,0.23017591307150534,0.6428344834903237,0.4760197409231207,0.4839373475902028,0.07708498140178428
0.16866127940151066,0.096977018088165,0.45096081785864095,0.6390908440603786,0.25877266631819246,0.5739845525359207,0.12787988356893534
0.1756498809668448,0.09994310894410133,0.3530737439101717,0.6868317103795771,0.39951078994374273,0.5392736049285218,0.11358813159895947
0.22722346852132538,0.1247454026126322,0.7968311132723149,0.7640565291637039,0.6447108558558711,0.5575613066554135,0.13460520250352198
0.20021869069504472,0.11221431323733194,0.4299076994263055,0.7618512847433171,0.023313413099144392,0.6866543420102249,0.20487553183248536
0.03354062455658116,0.03264824617458361,0.039998052415727015,0.249409173154027,0.009674974154465391,0.4393392941501001,0.0059662689952087586
0.192344547407849,0.10762228028262102,0.13202067072192347,0.8024625808591626,0.3124282951861945,0.5801714248745227,0.14882820569109304
0.24026426453838437,0.12944428659266208,0.05524252872911902,0.9895834099941158,0.87385082177824,0.48181595736142246,0.11517023117187902
0.2521873866305213,0.1366356883848108,0.9008223850586138,0.8289005052381007,0.7194305330316133,0.575115772752139,0.15233492132236398
0.20862894964805523,0.11670986546908366,0.9016504521508076,0.6757530352641277,0.1951971655443622,0.6660144510373478,0.1854254960569943
0.1626766302212715,0.09481097489862389,0.6863837532849073,0.562407345482058,0.03865775080884537,0.6383529776681913,0.15597984663570152
0.2388260377056737,0.1293760844760526,0.4602151608735781,0.885544453855976,0.8925119434724872,0.4893545127597617,0.10910076390742633
0.17011866756436725,0.09725923145698685,0.37133307780679353,0.6614720599096646,0.4674525832155224,0.5122937893345871,0.09567301270917303
0.16424944221794002,0.09489202502016708,0.5191571973377734,0.6055705849921365,0.3342378849881825,0.5482550312144482,0.10993418890435191
0.29610190346284365,0.15832635516620325,0.9804004526504474,0.9758071155777326,0.15915373173652442,0.8037258309839737,0.29729112352978715
0.21190955453157354,0.1176842347017511,0.6519888207454541,0.7469638086030103,0.3327101286874342,0.621345616321659,0.16763412570396619
0.21788476178491398,0.12080170265601568,0.9586872378601375,0.6924633120120279,0.47815248768250795,0.5988294622363713,0.15007889830612545
0.16832323904072793,0.09764166226504561,0.9088063757385738,0.5272404781058968,0.18278858225310096,0.612626433568275,0.13850356361488148
0.23522232961396214,0.1282365248900756,0.4534509540331779,0.8787948132176657,0.4655379568504167,0.6084012421742896,0.17477254590187705
0.1541687452849641,0.08949806294118148,0.5100690164069102,0.5660967483315162,0.7796958163436815,0.4037904592126652,0.024666302633114326
0.24008051635258484,0.13061934180288645,0.783584259598495,0.8125324524233072,0.7898688343303841,0.5330399239785224,0.12644945236620847
0.1663493365599296,0.09580732513165609,0.5506114514874401,0.6045086517845428,0.4295927089185939,0.524619400844209,0.09674688617484789
0.24975365682285064,0.13530618953159163,0.5564967432402486,0.9068569329719399,0.448965119880835,0.6376994411974312,0.19481156447619258
0.11650669291937013,0.07171603832406498,0.0070806481627363966,0.558277437629328,0.14880586979123103,0.5154604974245499,0.08397886651214817
0.18055304914213888,0.10292271881823947,0.9110232132033134,0.5670436960350731,0.5641959550043728,0.518945502729684,0.09079196735370776
0.15501570325773922,0.09138180769523156,0.9740953667407293,0.46236810706645415,0.22549532088392588,0.5836950923141556,0.1151393295357083
0.16125921998541948,0.0937864822256383,0.5883318118538043,0.5794868928830703,0.18505660632050575,0.5900425486384003,0.13055457983444826
0.2155361036799497,0.11913395899118756,0.7250282545772994,0.7392582159886988,0.6158684060622103,0.5466965455178598,0.12536991969599845
0.20763354498230474,0.11583634226237537,0.4845483647854876,0.7757620981648978,0.006467774216676214,0.7041251683117787,0.21647020547175055
0.15575201310947093,0.09178317753361485,0.9626664469497543,0.4684119661108517,0.17343451611805272,0.5994876605843904,0.12460715032349982
0.1699214473527979,0.09821856443252727,0.691420722638182,0.5873182956946589,0.06290200223966833,0.6417690930966935,0.1607838065348354
0.1573437801497426,0.09156537529887265,0.4528208560272523,0.5969574342697224,0.29752051462805224,0.546681909322821,0.10777879621088575
0.2383906526522223,0.13034511815187302,0.8403434501515744,0.7961342015862565,0.46738528054262674,0.6267139986787741,0.17710976393039354
0.274427257598214,0.1472346442828306,0.5680320376160485,0.9957843446843031,0.2864020244552084,0.7205553174820211,0.25139269864351016
0.3005109826663925,0.160389184808325,0.9948293315029507,0.9879644582271544,0.19523193762193655,0.8000127076876176,0.2966821320356271
0.16961409240077657,0.09656643652642752,0.1395623932325628,0.715333620722449,0.5326372764835083,0.48398633428707016,0.08509251570660264
0.20685770330335326,0.11500260580380679,0.6369307342890732,0.730050753965873,0.5278506191697214,0.556746176393004,0.1295436531563583
0.1747932801600555,0.09942848278379872,0.4911896394452613,0.6474107400219218,0.6405222943839367,0.47294949860784324,0.07259034546064949
0.23403359647518904,0.12745749790642177,0.31918598315587543,0.9071147183873551,0.46858969747635604,0.6008432522506223,0.1732474923824333
0.1397722197039846,0.0842504190126164,0.8652439045251681,0.4354568621170484,0.03183396741082063,0.6144308413368925,0.1287332722240477
0.13583936270290117,0.08224514694471156,0.985571583778192,0.3891120361755714,0.27661858218069935,0.5419765678461862,0.08343729876295984
0.16279461609970564,0.09320155783181486,0.2790007130032114,0.6536340663999403,0.7937306115298162,0.403387056180602,0.03355762635973808
0.14610288605946684,0.08642946122476372,0.7050610826753139,0.4928764098248789,0.4509096013285523,0.4953684851471689,0.06818821415625084
0.07955913699942666,0.055005685450730396,0.6995437503011898,0.25259884399357047,0.3679153097042763,0.424797875831894,0.0010269222035230452
0.1286585271887915,0.0786413429639863,0.9856007377472212,0.36127997153979796,0.42546548036390824,0.488401392588993,0.05030739032071016
0.16061611059227754,0.09349063790584869,0.7668606634787828,0.5314472584077015,0.3862737394398106,0.5371165174190801,0.09621645223244663
0.12053397507239796,0.07420680519021533,0.45308514011933976,0.46339044199778057,0.23773739408160233,0.5118102167468584,0.0728923570041714
0.06473517360982259,0.0475838457801744,0.16493030577981627,0.33235882244351755,0.03988151413384532,0.4794942514743518,0.03849560520127755
0.21932350586996285,0.12118846826781386,0.5003263996444984,0.8127983228135779,0.162420085348641,0.6758765837532378,0.20503667582039076
0.14023424570116919,0.08344684923261125,0.6289633882444059,0.4893390055105521,0.5115442011126464,0.46653894309241056,0.05135607680399984
0.13435774968917127,0.08155278926505255,0.9982135831980801,0.380549568975179,0.28423659166914234,0.5381204116292415,0.08034967629696771
0.19356586781606694,0.10942255095093498,0.6742692666234298,0.6779085527793052,0.041775740648089865,0.680884726230079,0.19300851673385758
0.25138479382979906,0.13577052122948388,0.8288907282832734,0.8404437313548316,0.993626982378255,0.4914081262900309,0.10661519060037909
0.12454230769105364,0.0755418950816025,0.062388564672632874,0.5735402608706913,0.19937064956621575,0.5141950448084943,0.08526946541006124
0.17615707930235688,0.09947688431464707,0.18808617893851862,0.7251896348068516,0.7289920827919529,0.43786597772232505,0.06068178034829104
0.0725927355234427,0.051007079810406086,0.07205085808372413,0.38235537350417065,0.15290740639886974,0.45427891072260934,0.029788179760682758
0.22360265737019158,0.12228448910613468,0.21876248477201235,0.892948404650238,0.5222042969719678,0.5666746551347093,0.15210349201026382
0.20478955771330787,0.11344507341072844,0.28378182192895307,0.8083149503307556,0.5432666251988307,0.5362176856162523,0.1256056520074465
0.1754055308290991,0.10024455850608716,0.688864922776003,0.6032743709013387,0.4823236282061364,0.5272491879422531,0.09866265409819347
0.09622708656584004,0.06260687974970136,0.23161857322120016,0.4308860488528615,0.04176289229499924,0.5261653455012396,0.07621305872874365
0.22239061063722476,0.12296549105836835,0.9269742900467509,0.7172538271623218,0.41986026550996725,0.6210415570608683,0.1652085073346427
0.11252415907215266,0.07101958797,0.9084635945788386,0.3224319465688933,0.31910361027168516,0.49360893004011797,0.04840326672024478
0.20578824984787053,0.11416086388728659,0.4699871070476608,0.7662063692314716,0.5808746083010652,0.5335840093826841,0.1200696132334425
0.26147834278115556,0.14138880108745894,0.7098981141236101,0.9145870999448023,0.2380536130009625,0.7215066620007613,0.2431585825284607
0.2243422442516126,0.12286029047161431,0.4068100324088667,0.8492820133820853,0.5746721442796645,0.5594110631077154,0.1438100384922204
0.207134820044666,0.11523801463738315,0.8231095527954535,0.6841843600888828,0.6676585284482168,0.5233057237589227,0.10637033217342226
0.20645043478763575,0.1147678726318431,0.48376806854759935,0.7674893021859508,0.3804512487488858,0.5934383335699848,0.15370104342763463
0.2778394556556525,0.14832937865143012,0.7845356990273176,0.9484426802488719,0.9235609780246571,0.5477685967251964,0.1503629770011073
0.18414776748619938,0.10493160415349534,0.7341869231390408,0.6279846332513437,0.13274198676780868,0.6432179856746114,0.16646834468386745
0.2566810300405772,0.13887085645600933,0.8916459859996074,0.8485010653049668,0.6304116365575125,0.607099966714901,0.17241876794554367
0.1851949403631495,0.10414851663729935,0.13546311896189123,0.7748132994580713,0.3801873850266964,0.5503957827624989,0.12902438145570883
0.20253468519443224,0.11250507992579854,0.4449694151346878,0.7598250459154963,0.6361165947100262,0.511936015106616,0.10713754337160701
0.25823134065986464,0.13943518753676754,0.9914329523432057,0.8271760395364214,0.8721420083720021,0.542564732817017,0.13434480669552146
0.2454408570221892,0.13240892066723917,0.4085047483054708,0.9220823209442235,0.9070128826946204,0.4926099555946651,0.11491475735849635
0.1375836551632134,0.08155947392296317,0.22927383704985027,0.5769701401674769,0.5125756803105922,0.4476483253385989,0.04921519804657422
0.1501791842273381,0.08725019139711718,0.07887402672267185,0.6591678598268478,0.5419124731356677,0.4514182487007074,0.06016488546819247
0.1482485898814889,0.08733488935003138,0.4879175226978819,0.5554539645522778,0.2802812588537997,0.540083930871026,0.09945431756668525
0.1381970627461933,0.08326243262648897,0.757655690151038,0.4553174243533489,0.08502828892784102,0.5927019066112837,0.11843224205202019
0.15494185295473256,0.09071285621221985,0.8924850295897159,0.4778278088412078,0.598441592621302,0.4718887399887506,0.05413906330350118
0.19960313267958313,0.11052726260455588,0.19549073424377095,0.8082732313000716,0.7804489143424416,0.456460166019828,0.08068508608816147
0.22571847652608704,0.12357860601875656,0.752560687855323,0.7662035354362744,0.9280992670740564,0.4712030661714708,0.08643891342157835
0.2620964640686303,0.14175376616778249,0.7111813856446605,0.9171017284004942,0.18632575172550014,0.737505758194847,0.25238866749868194
0.18903840988232862,0.10566784521417173,0.3568685538860673,0.7295911626398279,0.8604782823623294,0.4241141819610149,0.0542301367415071
0.19575934830780267,0.11016499331107935,0.597722320063707,0.7030960635680469,0.17176071971326812,0.6432854147789513,0.1745920908760639
0.171505207630857,0.09745677170431391,0.13939789155996576,0.7222223431044007,0.5366156275706332,0.48550799312958304,0.08673653958114941
0.16080655378929748,0.09293099955273852,0.5601872137665023,0.5798014798648367,0.6254259255591055,0.46003418722053924,0.057869953808167805
0.2844266060233087,0.15195680640778012,0.7926440555064634,0.9745222500743325,0.5591402654821908,0.6636191234252881,0.21810192811032814
0.24746754853287786,0.13499030350067148,0.6917312422515576,0.870140038440633,0.040049928448654015,0.7586225955918113,0.2586785041978996
0.1645016248720177,0.09551612133516474,0.6062860723613456,0.5882866175847724,0.06318155719693605,0.630829243344712,0.15442328818075157
0.21460884513003503,0.11892632155615789,0.3652546165878446,0.830008777938744,0.02620438748401068,0.7038605922374772,0.22207392032351242
0.24735273413794384,0.13414034102013556,0.5439082733946362,0.9011011380066339,0.4552215224511219,0.6319980683724562,0.19090980483361752
0.1765827782106614,0.0996289841597943,0.20126881767754667,0.7229554983353715,0.7809342294804064,0.4238240932813989,0.05263873268997796
0.12922750860431767,0.0787159300717322,0.9637562793408289,0.36735671826579325,0.5439625990455106,0.4538702159895169,0.031632169746239225
0.25305725894389525,0.13709772800218745,0.9043770754904956,0.8315685611137343,0.6867324882435568,0.5860116283333612,0.1587425845056784
0.21657705157546536,0.1191709479100597,0.390261736241155,0.8251370631294668,0.5630173395117526,0.5511601232485159,0.13634545879960586
0.23390001655629566,0.126515885526805,0.2061567860402062,0.9284096988644231,0.9853329469456154,0.4458850575281173,0.08868924470274125
0.2255371228578406,0.12332826284227721,0.303916819141075,0.8792111975407482,0.5273759483734664,0.5710745388059619,0.15333839243627664
0.15792322368570966,0.09166486324854804,0.2160449684959806,0.6583360471701722,0.1511856009596052,0.5813647874100009,0.133220294239457
0.22740736940421916,0.12521902225804063,0.635960195395352,0.8091339411027471,0.17224792918646825,0.6895293883149759,0.21281644022857166
0.1055401643816169,0.0662548481146774,0.10756258276730046,0.49037235940026563,0.46161986758599816,0.4124528240739007,0.019048114163433605
0.24334310030910045,0.13154240855714755,0.3007892172182371,0.9430939197942725,0.6876522882454423,0.5495548430081338,0.14868003670050828
0.22879151737572795,0.1254737549109336,0.888820669679074,0.7460698225012552,0.7625096964654218,0.5288750883061651,0.11690249393926844
0.1216223390082404,0.07472687478549571,0.3188314676832376,0.5018111601957582,0.07824835191538479,0.5548516494967571,0.1007893814566547
0.16149223471961763,0.09246179098531475,0.335666852859415,0.6333548068351332,0.9502463524860001,0.3580303283539386,0.006130341255945235
0.2515265356989504,0.13553783462963254,0.5655312813120329,0.906019766967505,0.908467752352546,0.5066568638978164,0.12157505112452484
0.17939580350104214,0.10165042249853265,0.1182958951212483,0.7601207412404885,0.17609026623244659,0.6009920932342128,0.15551021686662897
0.19093703037609477,0.1072614161873869,0.2003233435244859,0.7823286654257482,0.1660596648334075,0.6233558320914983,0.17091157068850682
0.1872700060154066,0.10578833205228039,0.4334572638449891,0.711361088352054,0.2422772455299221,0.6045826522581337,0.1532324335434044
0.2563375067287776,0.13805565139655057,0.7033780110260006,0.8901694472985606,0.892886650985212,0.5231454198044282,0.1295415311671058
0.2033316970199375,0.11316812748389331,0.5122707369694739,0.747814564704681,0.5037606827801713,0.5541324013186872,0.12960236620205387
0.08853191841182487,0.05910888976590292,0.3789417069772929,0.36628149412159744,0.10405580340157433,0.5025436724292153,0.05619469751973148
0.18511135723892247,0.1044830592701381,0.22744706887666244,0.7539921222741295,0.21107988147409087,0.6029656232643272,0.15637056547239692
0.22692674856434694,0.1253556459332968,0.9541505573234438,0.7287944333138459,0.273611665103075,0.671110836986818,0.1946165516232249
0.1918766327250206,0.1075544299377991,0.7178242493031466,0.6518391678798044,0.8805699939919919,0.4356796303733124,0.05325528938301019
0.1716454425386004,0.09916331027313284,0.7696344127849464,0.5745989301173451,0.05948762654517081,0.6481144310654197,0.16319297242887432
0.20793124362695145,0.1146477580113901,0.4016953589347836,0.7871962090305397,0.8914261976103152,0.44360296100053614,0.07195230615604696
0.10507167195321926,0.06683568714001345,0.39407078966575426,0.4217907957310843,0.2024904875386075,0.49792228776783387,0.06008445154424095
0.1610632054357416,0.09233207221932029,0.05157722015711755,0.7052234631367289,0.5653710977608426,0.4590349188049884,0.06961683247422804
0.254353983144273,0.13730631252304762,0.6866570209780704,0.8887862862716668,0.732877958072244,0.5663326358876741,0.1534277398570694
0.07451999906839105,0.0533518987110266,0.9333409046154825,0.1803049641244768,0.09846024373062105,0.5048269169897487,0.0383719250168166
0.034983856427558364,0.03348489347801748,0.14826318907605904,0.22816655661980537,0.022835526560537125,0.44157041978133243,0.005222482282729682
0.15588560327304798,0.08958774254392404,0.08110909913792487,0.6763952982073443,0.8147041698770663,0.3801191421882044,0.022346784183566136
0.1871573468933883,0.10570925209906046,0.31376251913337005,0.7414251661847049,0.12196197962225311,0.6350425199967132,0.17320121248747752
0.2613983928972732,0.14198090023609664,0.9370615401082997,0.861219827695574,0.037425224253714896,0.7882802972492005,0.27525723728435236
0.17368960748802556,0.09945783512712188,0.7889047416307614,0.5715887145720995,0.57935779960703,0.50024615815505,0.08035332215697985
0.21599617458565545,0.11868264576266038,0.4048649191964467,0.8175306630778224,0.7372886153679027,0.5000946354582737,0.10701330916416105
0.12413044554174514,0.07562683667370472,0.15703087715443223,0.5500705243110603,0.1027855171830018,0.5452643945645635,0.10031476190146935
0.12827879174857187,0.0777413563956028,0.1964251515063631,0.5563126327843434,0.038587798988569545,0.5713266183850474,0.11575713109687684
0.2901864345815844,0.15421985887545725,0.8127303200917582,0.9865504642676668,0.9263679264443467,0.565539828729443,0.16480502662510418
0.1572392789880394,0.0907920260395451,0.15824025823392235,0.6661668170914824,0.488972743443035,0.4798196737980494,0.07717136352132092
0.07120284081471011,0.0505215866937934,0.20572486049238747,0.3444376677149281,0.18075874262181288,0.4491460882917472,0.023116132300811165
0.1492750167159495,0.08834483040709173,0.6469639178967244,0.5227108261012204,0.0788769416824282,0.6061293249300055,0.13323587478340826
0.24463774244954495,0.13280601886003587,0.9498792105075656,0.78673651923119,0.9630673230894985,0.49521364920292466,0.10305833993920059
0.17898605575289167,0.10173514109345067,0.664264120881803,0.6209456230575068,0.6056087650861381,0.49549959384664855,0.08286704872474307
0.12020312393555084,0.07317256312037397,0.01810149006416316,0.5665102965884891,0.3792120799204044,0.45398221979134823,0.05064450173307315
0.1505629453591278,0.08861084899066327,0.47884757177789755,0.5676845532390448,0.1372786729399138,0.5847061532473224,0.12574558449031767
0.08496239999674322,0.05803844422359505,0.7154775939885997,0.2720806317159736,0.03751799402262352,0.5293422455149009,0.06172411718503018
0.17681447437136072,0.09918519289662361,0.0021723893684139073,0.770306452169929,0.9578250951651868,0.3652240252334875,0.024529865541655028
0.19685675923560947,0.10979147104568898,0.15344910004251788,0.8136723879126446,0.3142134240576123,0.5868572679023671,0.15394683914875096
0.19452449072968886,0.10912046148112298,0.9487873935374268,0.6048315931100128,0.9194165071470498,0.4366883086677892,0.04937879117443855
0.191665514937648,0.1078930441175365,0.38374560086284426,0.740307936879107,0.16805829167847108,0.6306113892962837,0.17089627014423694
0.21915325388310286,0.12039500491857257,0.5179710824704034,0.8018156023290353,0.7090563765952108,0.5170021088745835,0.1151238174531175
0.26871411510046095,0.1448384850471965,0.9794165235753859,0.8720418595035159,0.5358380981670181,0.6550109494331866,0.20226484486530785
0.1280564737397779,0.07641433578861723,0.024628343342503876,0.5895373908177074,0.7403752815743553,0.36014180205558904,9.26203895841122E-4
0.1419187341901122,0.08394715867810829,0.7128343235107373,0.47153816018296707,0.8289274096589618,0.3795592114284318,0.0010871991776175184
0.15412705185363035,0.09102139901484436,0.9305928971836281,0.4707780851274269,0.13012822589677683,0.6086084676824215,0.12983677017363648
0.1637574855195009,0.09442145569417862,0.2721622015098837,0.6651524208535664,0.22209867166898462,0.5710721259163202,0.1284985093825691
0.11502505029446469,0.07171821476488932,0.6607355830801357,0.39107239466171206,0.389726850397636,0.4673952567781205,0.040629480970575886
0.25364281886625784,0.13678853302180366,0.7591862535938558,0.8661191165957101,0.950752905125637,0.5045245354184243,0.11660555669103487
0.244460699612283,0.13221921212771037,0.3283556740795469,0.9413069686436255,0.6110115446688598,0.5744979229583672,0.16252041360398298
0.1814441704158938,0.10278666012120895,0.7377777014600684,0.6101324968779157,0.7746336641083529,0.4524657890980898,0.05790123712360842
0.03469203758851402,0.03448621129924787,0.8830924304522835,0.04805482572160379,0.03684353432284084,0.46432766711390044,2.7940794451638797E-4
0.06632663092481585,0.048306521261053455,0.27530097418774874,0.3096078609668572,0.19144581621522702,0.44168394156704316,0.015226291609785673
0.07436229940549315,0.053037425657400536,0.9578319837132665,0.17148766165854248,0.3039199377564468,0.44564129372725697,0.0044076574022279425
0.2599116760040148,0.14086982027362685,0.7825909721389739,0.8920700980698243,0.1578430983265535,0.7453496312358424,0.2541847679021794
0.16976420768244085,0.09721064627725184,0.2275895353014491,0.6980082206494379,0.21208876238106233,0.5808706040366136,0.13757186583563863
0.1741713980743179,0.09907753820955796,0.5540988560506837,0.6285552960992665,0.7552863973068961,0.44095743023624523,0.052817260285781015
0.25841858982379995,0.13851054513323433,0.34492531433696966,0.9852981749284971,0.8677524472821303,0.5201318594099196,0.1373080393719223
0.16908684584075945,0.09654389538863066,0.5005470415408527,0.6227305053254732,0.7849716223039963,0.4230966576399117,0.04194262609975967
0.1335141476157493,0.0799822365104397,0.17123011754644202,0.5798914661536376,0.18608341427623365,0.5348514784348619,0.0980018476885963
0.2172875597538929,0.11953287066806498,0.4469429880850436,0.8134029948924386,0.6103075375627097,0.5404917699335177,0.12927549758737425
0.2016244843534059,0.11319439942321778,0.8818900774056667,0.6536762295194468,0.31749019305381343,0.619693570746891,0.15692639578161663
0.1892073574257007,0.10569589470408347,0.09149732186975748,0.797812282951716,0.5900475400261322,0.49331412034279565,0.09961477250996056
0.17625583002229298,0.10071424008806897,0.3755496356382918,0.6872432359068079,0.06840488024633185,0.6374507257877707,0.16855677730172727
0.17038075205781097,0.0976401110721624,0.39811158724226725,0.6576650731922603,0.30914358086654603,0.5597897769002708,0.12187118666614447
0.17029932826313188,0.09722052895419284,0.21690606535086332,0.7007016897598918,0.3794898833373141,0.5324548873503492,0.11080022673611989
0.1029368016644912,0.06556846705224142,0.5040228204949975,0.38372703879171843,0.5192017710435002,0.4066788450918349,0.005207406580540508
0.19286778931879678,0.10873828491218465,0.44750842422398135,0.7306013198943978,0.03882868937800127,0.6723413731546999,0.19335142076449463
0.20071650270168356,0.11233915802137462,0.7328377306722069,0.6850964946653315,0.4577630605935632,0.5720005245367066,0.13328334649580365
0.1989716012804419,0.11236162224230034,0.9173529331907014,0.6383896327563772,0.04572123245747052,0.6964314992855878,0.19816647292664452
0.18832107504878268,0.10541665633785721,0.08805578947951076,0.796616466580905,0.4822168789867328,0.523348482144864,0.1162342568696295
0.13874966291250918,0.08204116814786534,0.03691198006549841,0.6299549476636424,0.34094273506451284,0.49218360255717986,0.07937934791185618
0.18155949379766984,0.10318174314845514,0.8663476444760029,0.5803809894929138,0.672973013070946,0.4870215077114022,0.07431319877610087
0.22926364105354075,0.1253159766018021,0.2679590873484746,0.9038316145304596,0.3215754537714105,0.6350050190793926,0.19172716980714932
0.09140584411476255,0.060413098776214556,0.6351217047798617,0.31061123570987176,0.4445467393527515,0.4169111974725208,0.0030428104536169872
0.12494863976544857,0.07540427044504909,0.10673253782283323,0.5609488849441501,0.4946420305463474,0.43037649234805997,0.03719850121547878
0.28877063536214737,0.15473524804793037,0.9648813375100274,0.952100560223382,0.2279309983854455,0.772692123748507,0.2771588878309982
0.11928731056114494,0.07308957856168619,0.06869601773324563,0.5530761987809456,0.1790844524650439,0.5128735985588532,0.08219680652815639
0.17890143806328546,0.10222020311750914,0.6075826480498447,0.6394698805075727,0.15204494260688173,0.6254432787655596,0.15732784103496356
0.17181801043337733,0.09727327067239452,0.16509439009435886,0.7140577740766594,0.8113412725310862,0.4068518610620326,0.04197977583127621
0.031928610111937386,0.033168756149149166,0.8496875040885503,0.046479314089658066,0.0040089197276282,0.4687300896601225,0.0024135727874192185
0.2740845093004656,0.14749148762931846,0.7626236341172457,0.9480831350563236,0.20341739005507523,0.7514667276503626,0.26397968565282076
0.13942191137055587,0.08190592362027266,0.013055777745383024,0.6348042638681044,0.6480829976612177,0.4027549072778742,0.029897339173506066
0.1636617574673181,0.09442548560534364,0.6722916385780797,0.5626298317896301,0.6512721798959615,0.46071738846339605,0.05674793378122475
0.1650541029656003,0.09525274866898123,0.6563480320593409,0.5731648273854462,0.5090250571803449,0.5035544816288452,0.08181733333262031
0.11833043653019329,0.07253222510788668,0.2771003407460427,0.4953095890653681,0.498360696047072,0.42620797254822307,0.028022285630828085
0.09203465273457322,0.06016989075275801,0.2820353998814744,0.3989887121812762,0.43306310195410613,0.40805546964729966,0.006790633024966199
0.1867731587150649,0.10470040323515538,0.034892637279798744,0.8047438929942013,0.40770962270297695,0.5408883774614996,0.12674029650993382
0.09826488049980209,0.0636566377954515,0.5598844405571994,0.3548487792654025,0.3615552080623809,0.4480498656510611,0.025215929877894838
0.21814120856840352,0.1197255768264564,0.31532463740863526,0.8485220001213185,0.613427475390602,0.5359140283631582,0.1302106384125086
0.1763595336422218,0.09906148503273501,0.007277124369405863,0.7680918606367079,0.8959824439000229,0.38278756860746593,0.03410411927041879
0.14056403594439862,0.08358113114306258,0.5296383889180339,0.5158243017350895,0.41217582961261984,0.49227914193087163,0.06836311256076513
0.14634002230252258,0.08718507654963936,0.9974211827072356,0.4240597052234515,0.3163439301307804,0.5457603747115365,0.08963391639721197
0.12475508731910505,0.0764267666829655,0.682438233543808,0.42178075061082654,0.342212526351564,0.49587073227406336,0.060167520967413686
0.22919154020716792,0.12612527671821142,0.912396488362428,0.7452682274130247,0.44895419914937496,0.6216863099664666,0.16873934012687036
0.21201106343777215,0.11717200254274793,0.23166887604241815,0.850498298930824,0.2571566425501127,0.6279166880411812,0.18145919411847367
0.1852471064437562,0.10524538770012207,0.8289625198634599,0.6059984907415279,0.39586353574131106,0.5716228365654308,0.12435422881673822
0.19213567570404538,0.10689735011870344,0.27030330455366297,0.7611233001894162,0.9353607736703646,0.40348404823768147,0.045979314501558614
0.12819862731653953,0.07801932007973171,0.8494401639676824,0.3911998487237486,0.5652970791627636,0.4419517332936514,0.02724052214783402
0.2161338851857984,0.11922474430322835,0.26165757856815414,0.8586516289196799,0.2186851967694671,0.6460973034026237,0.19268066374403192
0.1664031629290366,0.0961835769690555,0.40891756963701376,0.6439029299805233,0.005824919884246604,0.6429244007777987,0.1667541521441241
0.1662884541989379,0.09659193591195735,0.8778988273574957,0.5270457640957461,0.2100555292711631,0.6006435036476787,0.131657615126538
0.13347956209331985,0.07938700953976893,0.29155633668770414,0.5441768287481968,0.7533355487524456,0.3739707266297226,0.004552408324356993
0.11033774712026341,0.0685406995417556,0.1944429864145023,0.48569096524008604,0.553257347300145,0.39578915096197975,0.00957287288613116
0.19330806822913219,0.1080106221604637,0.3644233294126226,0.7458368055015268,0.633179381102935,0.4966947341670004,0.09666849865482585
0.1930796414165883,0.10899731315613931,0.6561037356590574,0.6791970568918253,0.16446671288177167,0.6437686142490442,0.1723528955251156
0.17368475543421785,0.09891682394793233,0.7178100748229329,0.5853842983228013,0.8942389547923575,0.4058477285779304,0.02892701011124807
0.2724355122333675,0.1463353348885677,0.8010724833974386,0.929145199755369,0.52485123679916,0.6568855689434586,0.20914097543988647
0.17026757121505512,0.09790476093341148,0.7221159760194512,0.5767970240079221,0.4512703419251129,0.5302308097831622,0.09741392914859193
0.06737153814562219,0.04943328889440565,0.7222315218583696,0.20401460689702267,0.2452820925105093,0.4440570102716877,0.00627182754100674
0.2612814016127333,0.14078856195191747,0.5272131646602954,0.9565504449862698,0.3996221098899104,0.6673710923204947,0.21699108296086245
0.28277076029779175,0.15164038906664246,0.7582421260262161,0.9811406446078186,0.17361232655583417,0.7723313075829039,0.2794274058077107
0.14435743738179058,0.08454149815966078,0.3349341510627977,0.5727103081828808,0.8032973974424722,0.37647698058581913,0.009429847335574948
0.17017773201792305,0.0971800387074726,0.5175650579350581,0.6233210259430813,0.7167249929167326,0.4451645540025868,0.05440678630514193
0.28577699575767285,0.1527229396566287,0.8250285082885265,0.9721769151044446,0.5035786954237974,0.6829292990055799,0.22875281748418838
0.2637435733601877,0.14238502710598702,0.9339065579598947,0.8647853422027634,0.5555672108422638,0.6405115910654813,0.19313640596444037
0.1997581521918181,0.11059107454741735,0.0019233415349017395,0.8583827652367495,0.5623089087269959,0.5130661643015794,0.11725296103697576
0.09643026537517242,0.06183144926322197,0.06704693204947804,0.46667632496171046,0.49363354086796746,0.3886775473387569,0.002863826144786031
0.29527840408213485,0.1572805990270223,0.8762203387081042,0.9941433194779414,0.5218014629541302,0.6930181852483293,0.23714010893399345
0.18610137684659195,0.10505110752893507,0.23104679895425392,0.7574886147369604,0.1422059786327576,0.6245753207992207,0.168856982642009
0.13647677051703644,0.08273958604343097,0.9676377778644607,0.39760920759039986,0.11371034901429633,0.58968771890609,0.11098487069955425
0.1005289107927577,0.06413313504712728,0.2840678048168595,0.4289264893149806,0.4806131523807133,0.40634425546724173,0.009298623736830693
0.24047440791172864,0.13118608944234567,0.5653225928327853,0.8730359674500566,0.25531755447939203,0.6812700606793052,0.21527740336945805
0.24053062796628855,0.13083624885725523,0.34231748576481014,0.927327210586124,0.27368060921128207,0.6677281087960543,0.2130294150577183
0.25130574675385786,0.13685648780362292,0.8873854688959387,0.8343619813306158,0.2325240748184542,0.7152467408561619,0.2311615722921021
0.12671071507317172,0.07675904118274801,0.11369678050227387,0.5698448452368207,0.11900120315204989,0.5425982594532736,0.10092310909292787
0.16918211523842155,0.09720449762102151,0.5214740620716938,0.6227542851840493,0.3550617961082663,0.5492816727623451,0.11250043708708463
0.2790466422819241,0.14986126154281976,0.9394883582691598,0.920981719528745,0.39536840541279966,0.7091434016875491,0.2379716966116898
0.08274572764929815,0.05733051752604285,0.9416426413606279,0.20882484718524907,0.04805551826203096,0.5315101918293834,0.05659943004783009
0.20008954195246093,0.11125969520046786,0.5844418128298111,0.7144454773454856,0.8625639194543169,0.44764903206100715,0.06659549627160252
0.185082001656593,0.10452442429065678,0.6414431283546074,0.6482048045074946,0.6520433656199692,0.48978394741554565,0.08272371592167668
0.24026212973247726,0.1313728723925909,0.5379423272832249,0.8816353438537187,0.011362897849960366,0.751040070168452,0.25511486447605103
0.2594904755829922,0.14009898251289574,0.4219784460813101,0.9783029279693735,0.15985424758635247,0.7307905284531135,0.2544680418749648
0.14472108261220945,0.08469980743879779,0.06941444344018666,0.6419905240849823,0.5046360134543909,0.4541743153049205,0.05968129531220868
0.1486175091144947,0.08748028237639872,0.9145235532207159,0.4471920251636791,0.7984113505564354,0.40544988780859637,0.01359597073537639
0.1484045260207088,0.08784094386936593,0.6459137473389891,0.5190580715503517,0.14515957432304347,0.5855391047278603,0.12131160755986939
0.2542154646835455,0.13763312893380808,0.8374388480155345,0.8528412169687005,0.6186845721012488,0.6050034584250443,0.17151768484122093
0.17089633704009183,0.0975636461745571,0.09388780661178064,0.7349085959380468,0.1918572056543832,0.5834157825328865,0.14268136721674768
0.1825810624505409,0.1036617106309016,0.6958215937691818,0.6277878673237396,0.47751524459521455,0.5391038439223962,0.10814128927927072
0.14210362616340083,0.0839586514921091,0.1314172095038384,0.6206422201942442,0.20851568680801244,0.5390427690402148,0.10487537299027974
0.1547600930913861,0.08961537095697339,0.5388800329270154,0.5595319877284374,0.9334296899400232,0.3609019921839803,8.127207339642117E-5
0.08899354094707439,0.05976028758661634,0.6569801331093335,0.3002296623430664,0.1082462019442845,0.5122905579369716,0.05520090245541509
0.18082619648359596,0.10217453947827843,0.2754411766578446,0.7237900961310424,0.47231440956990406,0.5225346053145095,0.10817455017523084
0.19009821188141762,0.10718496714732231,0.5605415558464624,0.6895540128129305,0.348336188957289,0.5824095123339162,0.13887563487538196
0.20958300030085772,0.11678193331788896,0.7935020675108523,0.7038433375195607,0.34977911030664766,0.6183145899319186,0.16156880713964347
0.08662663337533023,0.058865263089367376,0.9504008605553868,0.21823493726490667,0.28260494974982026,0.46900279834586983,0.022816579902552606
0.17260299990471367,0.09779324522769667,0.19591855400562608,0.7102295575096083,0.7379327369768605,0.4305013202591004,0.05487607805814482
0.24470039449655812,0.1332893329654562,0.5992506600537005,0.8805687119203037,0.2202318795861264,0.6987567691610366,0.22605655653382298
0.2668026099370796,0.14394404105100428,0.7128808516693719,0.9334962269922754,0.21740810329134014,0.7351983790346076,0.25299938045237236
0.19497638438405268,0.10955833934044473,0.5102802808245703,0.7207284892594424,0.24396872220335164,0.617888788293778,0.16207169119591344
0.23524900041116945,0.12778574312983557,0.1291162806797842,0.958243299750223,0.4301551620906545,0.6067204009310113,0.18161924823732076
0.11962251117353338,0.07420738478225207,0.9324315450203892,0.3407238955567724,0.47638439276943667,0.4587529038592355,0.031151704404359527
0.13446793447800842,0.0812811459702779,0.634917365751652,0.4714339931537775,0.10050066887783252,0.5783425393430963,0.11174993336411648
0.10966516446546304,0.06938134386840698,0.5773516358374646,0.39457225487844627,0.14318157982263496,0.5285289761928843,0.0748168006482062
0.14277144888491525,0.08416731556810335,0.1351289285247726,0.6212422485044516,0.2923565853979581,0.5156985176058037,0.09192426007265547
0.17926858781817248,0.10114862072619493,0.21760381593433709,0.7305815463750718,0.6175364976017742,0.4758593765108168,0.08264666605579168
0.2294262078255218,0.12417506974099526,0.06489540734325046,0.9465056773943729,0.9842026510819695,0.43461853602469086,0.08388351151959665
0.20531725219586971,0.11405921688285077,0.7329027105229974,0.6980832265997274,0.7971440602876527,0.47964614057963595,0.08320864682971796
0.16871308071559787,0.09667996102798214,0.3285051819683701,0.6680383771632767,0.3536396349198044,0.5418727111788568,0.11276595851368978
0.18100757698914047,0.1034254510771746,0.7118211927074688,0.6221223500872561,0.12027653079306008,0.64155903690314,0.16477001700019733
0.24744003546575039,0.1335443761511233,0.42602260888546684,0.9264202855519629,0.7884383820162006,0.5306522376847608,0.13673413315524424
0.2742200167376584,0.14650563154958965,0.7203984173980327,0.950800692750199,0.929307053851165,0.5385727057656473,0.14522627042320568
0.09179411326546666,0.06157309122190959,0.938976459469298,0.2421244186279155,0.07774458880586455,0.5356166547552551,0.06272412366429717
0.17330563784373854,0.09970225077182918,0.777260327366182,0.5766666240234068,0.25113797166686497,0.5949102705173048,0.13375318341983305
0.16571287428027648,0.09546060909833277,0.21365974310062116,0.688200647816694,0.07082643824791132,0.6157606557042062,0.15586436725579753
0.19796355367855728,0.1105503419577394,0.14740891489005192,0.8211757074868362,0.13411462628973178,0.6406857153827659,0.1848465405219969
0.12588670676860034,0.07681892518791812,0.8155895027160917,0.3905908937860929,0.6034323988210146,0.42629888600566646,0.01828481539736876
0.16966069026973912,0.09701346628229353,0.7469913883850066,0.5632623258493287,0.9258424773297129,0.3920032404790066,0.018767306013847657
0.07019524045920755,0.051172283001242075,0.8146478879059571,0.19390050836756248,0.05673547362848951,0.5064382236902688,0.04033447816983182
0.10006428692828116,0.064752951965618,0.6895839268884336,0.33015412002626365,0.33255510124373777,0.4638674359304444,0.03175229531619743
0.12300698746053859,0.07570630023382402,0.919089545635437,0.35562334983937993,0.5380641965725583,0.4450937975156907,0.025186559169026568
0.09403290439558482,0.06253822206925633,0.9929307437217652,0.23566970895952905,0.21107434336173891,0.5019471740034904,0.043407210643635175
0.1298961597896195,0.07868987671968436,0.6190557193125478,0.45535377181298353,0.3958924509282011,0.48518271622483833,0.05780309927668609
0.2016974293561874,0.11278176636923198,0.4717509718644914,0.7554233206300933,0.170283298583631,0.6474810814297964,0.1824365624907958
0.2233540827251577,0.12377601738542694,0.8777707478556289,0.7362795716890105,0.1012885379049193,0.713415790599804,0.2187790636480642
0.19493295836074903,0.1079092518551662,0.012365855283709037,0.8348772184054862,0.8665273330106348,0.4179498103764703,0.061468815985997544
0.2627232502256118,0.1414930270495649,0.5043973631967785,0.9678296561041838,0.3573234934200638,0.6808991662357912,0.2257499488177272
0.24108164585068143,0.13215053598304524,0.9506318242813694,0.7820138128355868,0.20420263783879422,0.7113180470934936,0.22319625237172294
0.2142323469453568,0.1190642254008061,0.5737474151558382,0.7777775220698551,0.03538110063928099,0.7083842840979331,0.2194616537864311
0.16751393167288264,0.09539222810912984,0.0334615490795358,0.7334114171062512,0.5414194338608898,0.4745080759251582,0.0814332677824165
0.16394157064516765,0.0945878869836612,0.8131889304269022,0.527773264334334,0.7932150630112417,0.42497922099493657,0.033368939944736414
0.10326952911329125,0.065463971911568,0.21097717540076244,0.45791846950359216,0.37166789349476925,0.43927358003269196,0.030721469983223837
0.1868359659722605,0.10552084806940046,0.8537723522318551,0.6015194739761898,0.7770342931473356,0.4637293768932027,0.0636919346793625
0.03776230427254599,0.034757595069619576,0.12110420020574258,0.2448982527103751,0.023477232425372665,0.44432395880900394,0.008575209159900943
0.17079807529593333,0.09698820606602586,0.3801668882593793,0.6568269732166205,0.915354268925774,0.38307054165910503,0.02301216919283384
0.17875912888352885,0.10079922920494166,0.3924524774707618,0.68301520457079,0.9007296904429717,0.3990993532124116,0.03503778631605594
0.17676735254478762,0.10098744363965323,0.3741713937094753,0.6897136972842886,0.04403044302281145,0.6452290011204935,0.17317964038842973
0.1462522783300088,0.08722172036681497,0.9190946430462562,0.44446056855396215,0.1674673355798539,0.586112553327197,0.11418815070431482
0.1734667046685353,0.09892522778478124,0.582028780027082,0.6203138480634477,0.6537794130274581,0.47057064146835514,0.0685222698085276
0.08186752202189941,0.05633309547457211,0.7111699500508931,0.25994656860843657,0.20893414195584467,0.4748352810107122,0.02986697310690733
0.11388709067041257,0.07139801748903483,0.9234844360257537,0.3213592428771776,0.5338784170424474,0.43351831478752156,0.014786984447399681
0.25972678488462303,0.13974156751848704,0.32952406539384027,0.9990212986623178,0.3987030980293223,0.658097977259411,0.21587081166367514
0.16385356633984144,0.09503741821102671,0.675735192034238,0.566714261629444,0.2706983339589265,0.572014888283701,0.11938611827842036
0.09256471346110032,0.060920720378244336,0.44478543229880596,0.36329082261117174,0.25363821190144376,0.4671282627461813,0.03635327102792997
0.22628916631698753,0.12425578934881117,0.48370896317745826,0.8405393188713541,0.31499187299942255,0.6406989437266939,0.18852286946107166
0.07835183841038285,0.05405525835415684,0.4522655728093612,0.3084914988600167,0.35947043547041063,0.4163720657673292,0.0017172376716441118
0.11370484669834965,0.07095270198966071,0.32662103906165163,0.4707679776495448,0.10426856852356803,0.5363086614050826,0.0868851090934649
0.1453006186590713,0.08531374772763883,0.08104558386837185,0.6439008794371572,0.2676932421917324,0.5244730397880383,0.09920845574491688
0.14293068033475642,0.08412077126973803,0.2805824185034874,0.5835345765785429,0.5516535327734008,0.44576163523120904,0.04913799753553066
0.17071251623719366,0.0965822193684699,0.11415660882156264,0.7217166925342711,0.875534262143694,0.38468638360062,0.030268468756517175
0.23465580479950748,0.1282652026484855,0.912776906113012,0.7614094920465939,0.780771334233874,0.532774639716182,0.12095255269454329
0.11939714310043328,0.07330103478667252,0.1633210187603974,0.5305240615889355,0.17153383048564752,0.5187393719006196,0.08327342710333252
0.15611251791740405,0.09043450866631715,0.28649556451272246,0.630624429310625,0.5080779045473093,0.4774083489299066,0.07227009774963394
0.15528113599158666,0.08981776792547275,0.2026331216118824,0.647267986977459,0.5749648622098065,0.45362621362255506,0.06055243065447151
0.16721640347793207,0.09542411096817069,0.27969746516311184,0.6706171507955905,0.7003842556897097,0.43689633202004363,0.054233171651655886
0.22440944358421672,0.12248662403566404,0.37570576100850767,0.8541793156460893,0.8377714141418303,0.4816871679317216,0.10083899533303521
0.24847230700779585,0.13423010512885825,0.3713017066241505,0.9458219839795353,0.5796152405760534,0.5909394258985375,0.17240609545993862
0.11175710517198569,0.06924442287919522,0.0449279996599794,0.52945033416152,0.35620392755172703,0.4496809288570714,0.04408009159003547
0.19014580163053996,0.10716543857474654,0.5184715844773399,0.7001679791436984,0.330435546689416,0.5861329717821293,0.14200039507920859
0.20310301474800904,0.11261981542411918,0.5534369212619794,0.7328237072429447,0.8763946782203881,0.44675065060077473,0.06808248487349113
0.15326508095442093,0.09030904236366291,0.7374020186797225,0.514673362761945,0.1296671461075019,0.600352906439767,0.12946830217229763
0.1684931832863597,0.09717105987476968,0.7375159658856654,0.5672579707969199,0.39023138953075776,0.5460672311397199,0.10522234345809704
0.2834390178130571,0.15207904133046055,0.8041146894357104,0.9728160055195564,0.13691742647889288,0.7856748656769464,0.2861138369165563
0.2788768669518641,0.1502635827190316,0.9611042905665592,0.9187758055290082,0.064208220329063,0.8062022391535405,0.29201012748670147
0.1296330502862399,0.07847109372667703,0.6112957283489645,0.45561314270097997,0.45633426895727275,0.46690863204458616,0.04759509279735763
0.15736408869327612,0.09096226253084289,0.009813275332961195,0.7055829252295254,0.23424785623346142,0.5487175848540206,0.11956190807850738
0.182986427001544,0.10445408510340597,0.7513894767162317,0.6199372072592104,0.09909577069930259,0.6520102213511326,0.1705228834980065
0.11675241628631225,0.07237549704136019,0.49615286875600917,0.4382414426238903,0.3171245717523191,0.48490141618671767,0.05514701258792881
0.19220900130822938,0.10656662143894866,0.06514385269539529,0.8109920986969166,0.9663660539174932,0.3869443914246022,0.041623056878426906
0.05914058807918911,0.04457724389083353,0.0022827131880088307,0.350748366552851,0.11334088090450394,0.4441070257728884,0.020162753411449744
0.27965445978707926,0.1498963959187937,0.6333754682726733,0.9996019063506109,0.22576752849935033,0.7480745683958969,0.26747959112650543
0.1677031604191752,0.09681239100483757,0.7518861864008868,0.5608225276128088,0.3954151871059096,0.5439671492828162,0.10336820655014037
0.21028402578777483,0.1163981943185135,0.7447519495644109,0.713032241495231,0.8214226392250464,0.4800681041962825,0.08521998847806639
0.17947269376061578,0.10195683829936909,0.3285688602730797,0.7087064151071057,0.2215096454652517,0.5956650901908147,0.14749887099618608
0.1269782824855841,0.07689669019007174,0.30031358390477475,0.5230676452028897,0.32813401687325433,0.4889595645443403,0.06636719112943046
0.14942605075018056,0.08760239170008263,0.5915946211902844,0.5307882665451633,0.6152391602215667,0.4479971855878237,0.04562576355239854
0.20346807198056518,0.11313728233320974,0.47408797727768626,0.7573183391828504,0.5297835492813676,0.5453271011348216,0.12561911890978053
0.2015823699808852,0.11273041320844056,0.6264321170438631,0.7153753837854374,0.3479502659851853,0.6012832608561377,0.15267624494127122
0.2025201160107348,0.11211621322567933,0.160709073466762,0.8295168737303846,0.5872480061995106,0.5156125661607786,0.11602095302741298
0.14743335937058466,0.08626382669614671,0.48077036302876763,0.5487053095873002,0.7774142386054036,0.3937985399903262,0.016954501289331403
0.20080979757026188,0.11147543802858942,0.2720317116877425,0.7961329036172511,0.5916503685242517,0.5160283929728793,0.11287533164660882
0.20650578354486576,0.11472557213741195,0.6683069454466396,0.7198208867214908,0.6457719096138632,0.5230481883851665,0.10967885965131177
0.0756165119031799,0.05342710731577724,0.6876026755690221,0.24366024410899953,0.14043120336991596,0.4850407274186171,0.033586015271054044
0.15945322981441093,0.09176174384413616,0.5128147019508922,0.5826877978493881,0.960056639652487,0.3588446538919646,0.0014934775080950868
0.22689811754613332,0.12331547712821204,0.26895615762247604,0.8877477848248367,0.972058948016059,0.4421333736395169,0.08216949952275551
0.23193421496540675,0.12575365815036488,0.30170535131389215,0.8981350730518574,0.9716802541179299,0.4506139879290988,0.08824375307483806
0.210207695688929,0.11698305368839018,0.9346050545501055,0.6691697802486845,0.5839862623172951,0.5561887544115667,0.12347607919519535
0.258607311537618,0.1387023938243196,0.42089869534493235,0.9673483805773262,0.880556131213418,0.519486823372509,0.1352003892884271
0.07000325529454028,0.05076300987233587,0.8149923203861943,0.1905050617483579,0.2920768105554762,0.43760096524484116,0.0015031390264666847
0.20630567391631716,0.11408885865267135,0.5061556303849424,0.7562221537492027,0.857048014054905,0.455185139881446,0.07529118301099245
0.15997025883967284,0.09236157114338206,0.13040179521999665,0.6855154370206382,0.25313036508712805,0.5513908036487561,0.11925317340701083
0.23617573452104385,0.12955223902325988,0.6556845110257183,0.8375020134869848,0.06316960985759243,0.7345045078822753,0.24128990351233134
0.2979689948676894,0.15813156734205386,0.8935401720816624,0.9960385192060698,0.8547522498848774,0.6004634001486315,0.18574709040645726
0.17942767014757405,0.10116881541214141,0.30592231759735256,0.7080678574724862,0.761035667593307,0.43754610147103534,0.05902981019724102
0.13999207926130053,0.0829101858907093,0.022579301836506083,0.6404543788655495,0.11732288256681267,0.5585790047579771,0.11760723916669225
0.19030305662671432,0.10625115812199597,0.04486197417179295,0.814057495819038,0.5091075629860886,0.5167268206926247,0.1143650381983876
0.12202033281647781,0.0748524128925002,0.4759052520647184,0.4624776904415585,0.3075504004509107,0.49442535560373735,0.06317607849270843
0.230666257269029,0.12579689173574332,0.09579299720631895,0.9515767469288529,0.25675911213678604,0.6494997128586003,0.2045971402182599
0.2641312559180457,0.14215901298855144,0.43459611439209056,0.9908469715264436,0.2769148632656053,0.7037415926093931,0.2408644760796464
0.26956414465233197,0.14421729516373616,0.5020566948013605,0.9891300359496517,0.7360796640231129,0.5801647964792869,0.17194475560642913
0.1501928440791423,0.08853989709583476,0.8496153647794535,0.4721397635429939,0.4916809625536964,0.4946605321248351,0.0660163138772123
0.18590933471563587,0.1048580834601624,0.48622157369059216,0.6905355839694176,0.5144597025139079,0.5252937067565039,0.10677661561130042
0.19549696273520173,0.10939241544449485,0.5703006478190985,0.7038594965388097,0.6183205758836585,0.5117703394529126,0.10112094844515288
0.16809272093086755,0.09635476501966803,0.6238929205676824,0.5897947038852823,0.7204625514967842,0.4450564623064292,0.05093086124798807
0.16145790341045915,0.09391500805470304,0.49624571432118125,0.6041002061752153,0.05251342991693464,0.6255319082498284,0.15282070450582108
0.2376453199529498,0.12970816928358334,0.29214995868431426,0.9316290009247814,0.03894470260328906,0.730168645271245,0.2481807169435859
0.17549674141439753,0.10016244395176592,0.6122516062640037,0.6222210004680833,0.4856728470331415,0.523561365192952,0.09846300384364329
0.22161879170514145,0.12164487616055382,0.042642368720372595,0.9333280837444102,0.09559966101417255,0.6816341811268258,0.2202094276823499
0.11482854716463198,0.07141914617274903,0.41577178587783037,0.4514685700817987,0.25668787702708257,0.49679756893850147,0.06297384144636312
0.15554555962951389,0.08960527349005563,0.23819210099001267,0.6363489751373311,0.8656489249999313,0.37061692572666377,0.013088914630336682
0.13478297062463113,0.08066758513061914,0.35612132691966575,0.5378066384038875,0.33909340597456894,0.49892533853059384,0.07387135196091445
0.15644286438281052,0.09067174819263878,0.24547206304472002,0.6430066283986899,0.40075747998574207,0.5076288427204536,0.09040018621815381
0.2428204143615526,0.13109543409187255,0.31845348770017495,0.9350275609876741,0.8553315194604268,0.500606456127446,0.12049011973177214
0.2341545542952668,0.12769292239539043,0.10260686546045546,0.9645373627058502,0.08509650653503883,0.7047304437955512,0.23696453496912856
0.2435917005045936,0.132608508459605,0.4558608950976493,0.912013381275427,0.16817306186801453,0.7070330105270136,0.2336955434953928
0.17617577722714875,0.1006069290282463,0.43164086864903944,0.6720034286445378,0.18488750634178164,0.6054748891430609,0.1491809344538268
0.12512791693957287,0.07626993862396768,0.38148177761740687,0.4975620768029869,0.2381222708234713,0.5155698003209196,0.07862996465746902
0.11633350816190269,0.07214219692142317,0.3616019861973432,0.4709231131447233,0.18625540367121282,0.5174505035288403,0.0765211973892604
0.20542284837567393,0.11432567382133131,0.6207561412530598,0.7289910995887169,0.5069008320427242,0.5602121999721293,0.13128792122548721
0.26970860723218637,0.14481983436814178,0.8678989187558966,0.9002432563991182,0.7675989272732285,0.5847540637902615,0.16581003139697456
0.15762755813296836,0.09201975593624599,0.605081385506159,0.5615785045256868,0.2385690500353395,0.5699103937675786,0.11731687881716649
0.277966382674821,0.14989924256811932,0.9781475195622098,0.9116370850018357,0.0345639936358891,0.814178841057221,0.2957133780439373
0.27109606656269575,0.14528351342868673,0.9182519327330597,0.8908052195117506,0.9691453221765969,0.5298634087575224,0.1342828796434706
0.21624056965096153,0.11898922607422621,0.6707892560720566,0.7518112154121097,0.90592216946816,0.46116569093294274,0.07882404053189951
0.10677738316285493,0.0684874263459144,0.7660782340409987,0.3395492107010015,0.012747191532236912,0.5694333109686159,0.09211418303190459
0.20650512030074264,0.11429339644193234,0.4283669860402973,0.7777925903564178,0.6853064274727083,0.5026280689762068,0.1039423896266582
0.23488112498111552,0.12877135609537793,0.8312109560608723,0.7864127968576693,0.3910656003177058,0.6436278611076673,0.18539418160143756
0.17307673392490167,0.09866722359954494,0.3858322938354444,0.6685899529743142,0.4795271393834112,0.5135161118232866,0.09723886509521094
0.19329845727404915,0.10784521737962904,0.5088771189942843,0.7074516585752604,0.9199986505440846,0.41846100896201344,0.04916656284670441
0.2405341875621509,0.12959463236699248,0.03903092906155914,0.9949072604324215,0.8384084702418989,0.49192593626194925,0.12136121989281531
0.19968538951702258,0.11129904761832289,0.574603252484126,0.7173854689256511,0.6807407961273785,0.4996922022113233,0.0959554173449626
0.1676528575205713,0.0961577472785989,0.28916417922091425,0.6740966237533417,0.3225429050378611,0.547968596348951,0.1167014519852061
0.09443176556229604,0.06143315258330857,0.39510308867574323,0.3797842382851396,0.47050143321701016,0.40474563773908356,0.003208286896634374
0.14807186549492196,0.086490894858828,0.04604489614860824,0.6618618804920422,0.3272183900675787,0.5097671798798057,0.09291970802908847
0.2625784181804064,0.14102920562628013,0.48178109319262474,0.9698625221163197,0.6226959563392118,0.6025264127265152,0.18212219773552102
0.2005811881377194,0.11134122233394335,0.145034800529403,0.8276447233875405,0.46298536733482654,0.5484857531846151,0.1340955059310873
0.24925230759977302,0.1355366874196247,0.6716557206261168,0.8793409085529843,0.23752975765056702,0.7028693367346519,0.22852026205398399
0.18588730906028955,0.10477681318205774,0.5878530025062246,0.6638205855150152,0.6850080771329838,0.47933485953851307,0.07846215802041616
0.09470947137706043,0.06166913358095978,0.20299508645423125,0.43090096093352603,0.16988762879118438,0.48561252195480137,0.053446686228657975
0.23861687133317758,0.13067200673945512,0.9016416418537403,0.7830438729902881,0.3765538904560696,0.6557766834792066,0.19209007977200887
0.17933727233442365,0.10208064492922107,0.474025895121043,0.6724627832058343,0.25204032856200387,0.5919709802143774,0.14187369558286345
0.19373131000032975,0.10857365774025099,0.7679133703189109,0.6469091406633036,0.8351524469342586,0.45340705808243464,0.06279954894610043
0.19892721986627254,0.11030268977614195,0.2152576519062957,0.8015257569905192,0.7328425601009698,0.47010515231021344,0.0876105143286582
0.20642635505077286,0.11538038309646516,0.6654538543539962,0.7259347987291377,0.13137354087653924,0.6727225344055636,0.193955276183861
0.09326958942426744,0.06162180671152555,0.8209484703435944,0.27243310466843396,0.4204041469716434,0.4334864094079149,0.008685611853132769
0.165269484582364,0.09575350330861804,0.8526648102103827,0.5268875342372212,0.44319564782730914,0.5303239631698228,0.0922630154217145
0.17999374105532967,0.10229395756673323,0.3742562815616621,0.6996323063424135,0.2080604918465332,0.602018924761983,0.1501947323883567
0.2077849313127404,0.11477098028015273,0.07260450499463751,0.8726066618354739,0.3663570903377025,0.5841919887124031,0.15891487269609522
0.1336172803273511,0.07951208987671765,0.323428002854172,0.5369981842081719,0.7462637363339194,0.37740916962520843,0.005780039219610594
0.06963170832756926,0.05050688776816842,0.5459328338778134,0.2574715776318028,0.03808873013417936,0.501104832117342,0.04354638741991529
0.22338149823801434,0.12330232445284026,0.9301277441810238,0.7189705788662213,0.5214255958176623,0.5929708263180448,0.14974446741088324
0.2135265699853531,0.11811095977530146,0.3793433217388912,0.8199735989979156,0.2659380769698842,0.6329881927837944,0.18139846403865345
0.0612686121911707,0.04630507814052302,0.37899177376628423,0.2678250846752143,0.02058407231039544,0.48813111708540524,0.03678427109512741
0.1965885689314041,0.11095177889278465,0.8264017837347454,0.6507202412293748,0.1471322053175497,0.6601216397952635,0.17892495542996523
0.15067338620535145,0.08849529054137745,0.36195216716072787,0.5966795133568444,0.12516130372959866,0.5840585339569704,0.1282314911221361
0.20475868691611945,0.1137313432614305,0.3966898304864316,0.781721769204977,0.4525703182764699,0.5667898497472268,0.14009075087331305
0.19730309184553252,0.10951637641900351,0.39000610140862224,0.7506692954191289,0.9486112657431087,0.411404757652681,0.049706599837315985
0.2551865322948793,0.13895297685053093,0.9486334505059427,0.8349170859017407,0.11350131801413543,0.7577150499336156,0.25520253910586616
0.21434344825118196,0.11880855164857101,0.5003948674595612,0.7944618462081441,0.17758098735550532,0.6643852951229403,0.1965037677696125
0.18339823534019217,0.10349967921914299,0.7099797150340623,0.6226381046030701,0.8993418744889119,0.4178719499223392,0.03990754417386787
0.15645972206703593,0.09134577534917837,0.7216492079267268,0.5264498093124399,0.463285209241335,0.5070932548741366,0.07868093795173288
0.16485190354639057,0.09406255832785952,0.35240886449821707,0.6413820006967733,0.9630845653917343,0.35968393255917513,0.008051537235666113
0.26438079308847634,0.14236199355278917,0.8997556846509773,0.8732012463113168,0.755657825577756,0.5818450231332758,0.16120065842281706
0.21010543849825655,0.11624558192791767,0.2647087250526887,0.8348894086799385,0.31299472854158633,0.6101635114892543,0.1698848395614358
0.15195113641130575,0.08882409867858952,0.5157873939388222,0.5596336479031949,0.5083091276333478,0.47993228487872996,0.06646489783784787
0.14243084490487562,0.08353433632567725,0.14585897978734777,0.6133869641872315,0.6529256064023229,0.41054457984294873,0.03234212126244888
0.16292164311924895,0.09336822635433704,0.03066663380696073,0.7186328615013067,0.4261544998599169,0.5014669715842317,0.09477057594125438
0.19704634802197182,0.10905488998772296,0.1196180376689229,0.8162671120956821,0.8847981719341331,0.41960646378450217,0.06070370560705144
0.24159438123354904,0.13107635718863797,0.4313971400058057,0.9062062010596198,0.572108046939101,0.5855831896688307,0.1650995108902403
0.2345337682537254,0.1290034436666612,0.8759377347508135,0.776929618595094,0.15034624424728796,0.7149375367105957,0.2243121904343811
0.17336976377048682,0.09922576535831462,0.9429808507582992,0.5302639297950064,0.8180924963967244,0.4359401054510809,0.04033084628846997
0.16055846333524787,0.09193824716149337,0.03606591232091194,0.7060932051462796,0.6614908374006081,0.42973365923585444,0.053288272496590045
0.20045131707927244,0.11165509550784394,0.2246468697974653,0.8098368507377157,0.278550116089966,0.6049973957832601,0.16393789988111554
0.2010103637301277,0.11253694868038672,0.7324626050090888,0.686743449545651,0.41410214317431443,0.5851267155218707,0.14080190234044365
0.2204362485565056,0.12114498268120306,0.19698491323530773,0.8899448319995555,0.23064043527860134,0.6463280974890305,0.19614505931594542
0.12316263591086607,0.07518101026153204,0.1562309289267001,0.5468521822642598,0.0924746510362918,0.5468641259662066,0.10083328464118976
0.11161451740094225,0.06963543564349585,0.526945014465735,0.40911578253500713,0.5786577891409568,0.4025337351129624,0.0059203517504282585
0.2589988116275443,0.14033888705350728,0.7935818912853054,0.885118915445581,0.24328259080513923,0.719563580212052,0.23902968531722424
0.17122829473700607,0.09793722599067063,0.1679355326735893,0.7189072635764138,0.11837646726303062,0.6080456804325911,0.1549047077959956
0.14283438694782774,0.0847898522366982,0.5584688797574148,0.5177982556703876,0.3475166839071464,0.5154156390026544,0.08163404705706155
0.17875410786689408,0.10153409813293586,0.6691681910639355,0.6180963603602176,0.6785909317080431,0.47408528523471277,0.07060070418349867
0.2352922656680717,0.1280731023082455,0.5849954362150344,0.8437165874278532,0.7636888490516304,0.5264997794341024,0.1255489980258732
0.20943956410860995,0.11613151790664399,0.896294846884614,0.6721972495697698,0.8992971502117298,0.4617965089601925,0.07095036930856802
0.1806805740973575,0.10228910278594956,0.4472372190987679,0.6807208229593478,0.5367504242722057,0.509923038439743,0.09689421065182344
0.16191406198480143,0.09291721613838125,0.3935826903162424,0.622138288729535,0.8290115260364823,0.3961049050415796,0.026345008723319668
0.26771399287991454,0.14445217004786592,0.7077154221714261,0.9387675263923787,0.15506091709361125,0.7544694055911868,0.26434724312578084
0.1096865312834226,0.06933420174480251,0.48606570620961287,0.41758334929374874,0.07922028432509297,0.5438116639119044,0.08561737432059237
0.2083525398700422,0.11576817860389349,0.58614056335847,0.748989586640332,0.4264258552102256,0.5865410639533316,0.14815107209885192
0.11966919721197307,0.07338454186965167,0.18852753270380723,0.5246818622630526,0.2343664889725946,0.5017516872796476,0.07322024800091526
0.14628472675702636,0.08612708837611306,0.6445374706495918,0.5058726511828792,0.6672429570645771,0.4303437052991264,0.03311794133447196
0.09586475245088928,0.062455592919979444,0.5634566830800807,0.3446614924423784,0.4128731380119851,0.42981830344960414,0.013874421479345068
0.13911855156940417,0.08223084810173681,0.35561001692652117,0.5497193487958039,0.7008043024016192,0.3996659942447879,0.019814294483189027
0.14470918607955383,0.08528345226125882,0.03544658083023933,0.6554822144829451,0.03017164647249243,0.5911540527242112,0.13758734613165255
0.189331875810913,0.10713770531687858,0.7683524709469277,0.6360728512302625,0.35706319508203554,0.5864850470662489,0.13586595128664192
0.18046939548636648,0.102550120214957,0.8210404867063039,0.5870795866355302,0.7052391950438978,0.4743900438353154,0.06783918496139446
0.1416858576347692,0.08350898189727507,0.25818526692276356,0.5845588938068458,0.5418350069332893,0.446023292584458,0.04930680155598934
0.2166925508408237,0.12022902050289294,0.9981574873986399,0.6779350634426928,0.5298615870932633,0.5835316144599829,0.1400278144002569
0.13158528754267163,0.07802764200362546,0.012920603520191476,0.6049208149945947,0.7700010294776503,0.3560887788994909,3.88229542478441E-4
0.15146762513519496,0.0884505231094678,0.5905271353676196,0.5375272592357618,0.7019308651541287,0.4255968941711696,0.0338898624599375
0.16455072309358723,0.09451956263601147,0.4674847632356258,0.6156953975157504,0.6543701615975708,0.45348176975813514,0.057957774819956495
0.16014491563667702,0.09390019957045426,0.955282629369572,0.486608990463771,0.13847451869947836,0.6156427157554364,0.13569716402993173
0.13960033220683554,0.08417107142507771,0.9423380878278774,0.41508342080722627,0.12000418808382965,0.5913535765417037,0.11382381980150696
0.1921689720592879,0.10758931332642449,0.5422072122008735,0.6970775247993196,0.7526897366732728,0.4668452717203555,0.07513085011959783
0.21807411752231556,0.12098744766956221,0.7722081729570238,0.7417463458020374,0.19027180894075896,0.6760692145821791,0.19810418282282147
0.2503351029303076,0.1358285844965056,0.7140424007568943,0.8706099489060495,0.4500560740604611,0.644050841474766,0.19484729943684162
0.16825868919576614,0.09655013474261241,0.7398629160082296,0.5616254890764697,0.7692540531878649,0.43537584894726106,0.0427686807830846
0.1299765697383872,0.07868780867079908,0.4378744527477504,0.5017659387981256,0.21470026379964113,0.5313756843382266,0.08818213788912577
0.2158884319752878,0.12000698862216867,0.7894669549039185,0.7298065992617865,0.16969543008745566,0.679599590569979,0.19877138112246057
0.25820411303217056,0.1393275746186776,0.7917796966633653,0.8774845951972945,0.7097148272098882,0.582451637112959,0.1615732078643981
0.21440346200507499,0.11931881724923885,0.8606734629710664,0.7062654697341034,0.24120014958816494,0.6592944803522288,0.18501931716576178
0.19288949794143528,0.10759360025706483,0.16824057900607628,0.7928135827794844,0.5663098236909587,0.5083093103073619,0.10773901622673843
0.14916162576753664,0.08697594013962684,0.09963381230565321,0.6518395728598316,0.41265733606943644,0.4884066570760227,0.08006324605223586
0.1456487295196216,0.08617638829318958,0.7698750379298539,0.4742947613177372,0.5543054408000689,0.4669980302218208,0.0504772762254498
0.09988979928876376,0.06415838355244974,0.4975175946180754,0.37456365007236725,0.48687303348399735,0.4115286049979382,0.006830439536983476
0.19813884522416514,0.11103157579447434,0.5251871041500121,0.7282280704155195,0.27983724490213563,0.6124832079189575,0.1599820937590798
0.26780762718037243,0.14463679604452687,0.7230909421303879,0.9363160372847004,0.0694275864363807,0.7801258125465352,0.2784572808865399
0.19444471725779988,0.10989757358164103,0.9109446822558024,0.6209174164834468,0.2739127211726145,0.6232678901282197,0.15526585228248233
0.24425005127878285,0.13287199172853964,0.283625606894477,0.958170905657519,0.0034944629923464275,0.7495669772237958,0.2620400446917401
0.17413311338774262,0.09934408775871426,0.9127858168437659,0.5387938151739577,0.9625611074152479,0.39380743196653484,0.01765818815728143
0.20631483035883463,0.11374513437766332,0.20638421933867782,0.830254611794784,0.7651074327031127,0.4708710746931218,0.09131579162285297
0.1973735280994223,0.10985404418256645,0.25055827696092514,0.7891677948870663,0.5617436454986731,0.5190641430001122,0.1136752121933907
0.1692074371571684,0.09764761747158449,0.5623036900251837,0.6159108366201683,0.08437153876434286,0.6297097024400728,0.15679844354164815
0.22928260561669106,0.12596227073058353,0.9913896085909366,0.723660626566399,0.6930333300172075,0.5536220471430298,0.1285733588033068
0.29286904374958184,0.15565915909071215,0.8066155835300081,0.999274481724885,0.7950213227358122,0.60739840385343,0.1896225304053677
0.18492021643369058,0.10395775359971843,0.4194871922711212,0.7005024284670109,0.7554305063737878,0.4511955720284493,0.06626339511376513
0.1903011580229217,0.107136899031579,0.529578383189907,0.6970501623952999,0.41875170027630115,0.5610307783734846,0.12767007834604222
0.1513534100252114,0.08893352070240307,0.4954940062601757,0.5658735212016288,0.19491165518789483,0.5696527410337147,0.11720126757547376
0.19585186856067097,0.1100056459232661,0.9575619766135045,0.6095195574956741,0.7404642004132931,0.4910455533012079,0.08031207342916107
0.16808950606878575,0.09598066743333009,0.2559984134171871,0.6810454959708386,0.5673401577525854,0.47602629605754904,0.07718700511951956
0.17232265870924865,0.0989229911895257,0.5909941810273736,0.6182672055155813,0.26579914499192064,0.5823330541551366,0.1307360810099565
0.21157686166401193,0.11649499954964543,0.2752511545221339,0.8338824190245805,0.6557178207297644,0.5127774832474764,0.11543006989337325
0.14914910841851256,0.08733916917137137,0.09039720929514791,0.6571857552559457,0.12943963322189617,0.5705744712654576,0.12652599719873756
0.1393527033352797,0.08293625270673172,0.19035464703289212,0.5978075215169334,0.06973580886644148,0.5777597037859662,0.12411233408541594
0.1794619490400568,0.10248889627445587,0.937649590342389,0.5569217033816107,0.5338270717751321,0.5272320589915102,0.09436489888348075
0.22670119397635055,0.12374974233199158,0.10471299027446296,0.9334572520862161,0.3915471828468222,0.6049201530146882,0.17764945830079265
0.222067111996299,0.12221261906977295,0.20483480492873052,0.8962927236897507,0.02207452636079671,0.7097115108933482,0.23230646493810436
0.23760651626702545,0.12977961906527308,0.45978167248443746,0.8892489345851989,0.16770965255181353,0.6988092865364288,0.22649277715062094
0.2108801229893861,0.11591133573455284,0.17024059441139883,0.8561867190530568,0.7206653845489354,0.48896743512571905,0.10425988759299312
0.1562230882529628,0.08961949153836678,0.10866475603296835,0.6695114559175741,0.9413527465257856,0.344715924621503,0.0018995829847499187
0.17362248131888192,0.10002777853367724,0.7129668981565448,0.5957407415331215,0.04685310557867221,0.6525034667036775,0.1678421023674443
0.0618263274952277,0.04619766280393408,0.1409744410107724,0.3278322854380672,0.017917459548229264,0.4808728799165367,0.03864092704138552
0.07664061628096121,0.05322456634656251,0.14103773027374827,0.38187819444790944,0.01201633929846011,0.5036439770908442,0.05759439725681283
0.11036510107203416,0.06850139186584077,0.014420357739711655,0.531513585636378,0.3823459957529507,0.4389539232900527,0.038197774480931354
0.22299709428466497,0.12270669295060471,0.7480407347129833,0.7608626305690297,0.6147348333100789,0.5584814676007893,0.1345423732237229
0.06739019460099638,0.04940520413296537,0.5907036786527355,0.23749896424460765,0.11947837635854075,0.4758638941186669,0.027337067778130837
0.23163073669915452,0.12734626907179322,0.842214307640997,0.7726859794448205,0.31906260901347944,0.6603988755532599,0.1932224693823293
0.2267392908270276,0.12394785619490131,0.27919177515420884,0.8903412397802408,0.4616832571147912,0.5910081586520456,0.16564896582013344
0.2026688493932443,0.11167386181087884,0.09653778349157355,0.8423094558102777,0.8910746122577876,0.42491037800129405,0.06657252066939065
0.16212329132991754,0.09308433515977771,0.37870286529274655,0.6272724440493824,0.7615148361000091,0.4155185078364272,0.037715231925384035
0.24251371406242467,0.13059548180779393,0.10369807588004709,0.9860599586286317,0.867178598864578,0.4887535318559747,0.11884444245953144
0.14399961729894445,0.08467889260055043,0.22099946358023503,0.6031287984896126,0.44417875090914766,0.4763882067250671,0.06824798881059732
0.20461839222399403,0.11355820390771591,0.6611168244773418,0.7125474813520155,0.8390098470466629,0.46379124338602074,0.07571781461296728
0.04832535595835247,0.04097556526133614,0.9873619149628812,0.07126174193946877,0.1359836229888065,0.45867714918414176,2.4683944417167036E-4
0.2569840325916287,0.13898634192345874,0.3629445522517488,0.9849147501749901,0.03589164615337337,0.7611617752029931,0.2719395806800184
0.21459760938962713,0.11918456583156103,0.527723251509299,0.7904759085910642,0.020732206002719522,0.7114649178346344,0.22245112373469791
0.2552848787907692,0.13724815196895615,0.28573967606689893,0.9908703113515094,0.6347918882546258,0.5813676515405511,0.17189471292990446
0.25982825127010617,0.13978057610880135,0.7617410108076763,0.888512643509523,0.9083565442558788,0.5257620694350962,0.1310604701703575
0.20640439123167628,0.11460825590156241,0.5334087152831863,0.7534667050650086,0.5399259713422786,0.5487439025586797,0.12733568262117462
0.137196348095399,0.08188554766388209,0.2374959845265198,0.5776246791496551,0.14603694033055659,0.5542104499825147,0.10883355486838078
0.08684575171386175,0.058844680350547615,0.6987202984223555,0.2825360791688712,0.08154458923763773,0.5185676199383588,0.056842340220208745
0.20710434961341698,0.1157750299015127,0.9906771184863036,0.6456323461120779,0.4556384161485085,0.5912588286080097,0.14058319602294003
0.1616612418936257,0.09347004214253268,0.7045727779626011,0.5470001126675255,0.6944660351799511,0.4464857084686477,0.047134457733426144
0.23488979376656194,0.1278857353145599,0.43963552527881,0.8795416586560968,0.592086718735143,0.5705407036717599,0.1536572566363198
0.2427909863555036,0.1324451804422502,0.7588843611096938,0.8331806742318415,0.3613415249820798,0.6608457077655872,0.20009788489188332
0.21651538882679552,0.12008276482010255,0.6764627315880068,0.7592493486375334,0.20150752262421867,0.6670293745080931,0.19466759448730342
0.1889447037746827,0.10623313084730514,0.3988356898619623,0.7234848915553972,0.459320453068076,0.542432851470552,0.11977743206625494
0.24103331215243293,0.13093310124141716,0.6414249406763632,0.8513219422990693,0.726046383624978,0.547718773679065,0.13851672871476475
0.22031627492526526,0.12113173960342505,0.6344163062616912,0.77772365468082,0.7074918977577124,0.5234292764034428,0.11642930248887039
0.24036780626699397,0.13067809997833874,0.41802008221757814,0.9066628969165474,0.4215633476075433,0.6272121949809726,0.18834215155087825
0.20803188674101397,0.11641369055088212,0.7409323776593477,0.7146700251639448,0.017985003730370208,0.7108440087802803,0.21426546866021107
0.10584574571394309,0.06716008012705836,0.6801151579460525,0.3509341948767544,0.5666146730977814,0.40352721340400854,4.1406043171402976E-4
0.13905721097472673,0.08282508723931563,0.6812274035744376,0.4711253056816125,0.6196730144385608,0.4352967484387671,0.032030403244311056
0.22067071679875222,0.12150780759788599,0.5268520509496452,0.8082959040864405,0.42869870838787943,0.6011823827503541,0.1629185439165171
0.24269970851279987,0.1321035425480839,0.5057897227227821,0.895287755739293,0.2870568444213578,0.6729752737998633,0.21295934896948943
0.20061225362202528,0.11083249655795001,0.26319647101952987,0.7931780521390189,0.9868315137563924,0.4002662831663463,0.04785132549736816
0.13248950961556794,0.0795762862435159,0.5850250950785864,0.4707265690814588,0.608924811955352,0.4255288589255468,0.02611937898934022
0.24296425086483422,0.13148813559665634,0.4469006068200402,0.9052813023517717,0.7652565098205366,0.5318221369473776,0.13503697761669162
0.20058287429488858,0.11188701582109514,0.8934949442015123,0.6402379285021043,0.9317051263573314,0.43966493412826546,0.05489122403376365
0.20169088185555975,0.11111719788873657,0.044848602976493124,0.8512317039633426,0.8997996728840907,0.41906129842041895,0.06411540820618664
0.1914047890050099,0.10728247307906268,0.44037001708207224,0.7208517519603015,0.5934274251963255,0.5083906858245709,0.10064045074649106
0.08747207400667237,0.058457982559929546,0.3648407308793546,0.3648148906880315,0.19744893096910654,0.4733005118534193,0.03963497483787244
0.1386713556954881,0.08160227093494522,0.1444227076759314,0.5988165832675358,0.7626087436703757,0.37318846307566744,0.009793655030537501
0.28128230847209157,0.15123218234722602,0.9395534514036659,0.9316668539627568,0.16539015467063364,0.7793368804956857,0.27840339438508943
0.21251962157410276,0.1172516791725838,0.5929592766985836,0.758409575002919,0.796614717670021,0.48484372845780804,0.09247615506424682
0.12424195893205109,0.07520058234609309,0.18179831978826044,0.5402031893634189,0.4852120126808949,0.4349043287909685,0.03765302393101956
0.09444932766563265,0.06300531562832125,0.9983122975295196,0.23801786786811596,0.01820438883862897,0.5589397576577759,0.07552765920008699
0.09174014152481687,0.06086941501359825,0.7417782213011632,0.2869273954800415,0.34876434610366874,0.449252419026244,0.018824893652582844
0.16895240382500695,0.0961977196573283,0.3048169565405307,0.6701044833790049,0.7656961281197437,0.4212630685729698,0.04555102009948225
0.21064675612432587,0.11659675462795978,0.6261140698006249,0.7449873826528159,0.6636565282836694,0.5221556189220664,0.11190476595783336
0.17894054765762657,0.10191964749398745,0.34670850806988834,0.70387707079756,0.08398087149242763,0.6356569247851003,0.16935165391235163
0.2425993960688581,0.13160097654318437,0.6831850774122572,0.8457172572750744,0.8293439011511085,0.5213924379110993,0.12334655428957818
0.2745956266814675,0.14753405253607713,0.9105272512159281,0.91039419174556,0.5228475574854271,0.6645981925462023,0.21175084909682768
0.1624653069037704,0.0933287429256552,0.11819732867399813,0.6959775766818873,0.3975770730433502,0.5123922766985408,0.09863044276337726
0.19560150512356186,0.10977043166363878,0.5171279919075721,0.7205627289110351,0.3139960477208942,0.598625375877735,0.15132445179036474
0.19179254696192635,0.10907010192910963,0.9917627322336731,0.5940467378734806,0.05125611375643441,0.6873779040853186,0.18831068894670613
0.2443750515343165,0.13309204966448926,0.9138053853756385,0.798389465738412,0.6181143532112574,0.5940199826707501,0.15942594229967894
0.27789020890328087,0.14926898524905077,0.9330716020453927,0.9180482332837352,0.42065281614641314,0.6998945245080466,0.23244092145574308
0.15830641532138062,0.09233262703179733,0.990943805402272,0.4650603932609369,0.6940572484812263,0.4524591347392984,0.042235463202831586
0.24157916178128536,0.13167492745240558,0.5729813537983663,0.8748159586960091,0.2897522315762102,0.6730897391683293,0.2109473274980156
0.22078925051049106,0.12144960069864771,0.4619428102284177,0.8244314311736748,0.43757667048261095,0.5963564225912418,0.16180882781999384
0.20179705582786223,0.11324540209516629,0.9708661116458611,0.6312431462141727,0.4437328173252892,0.5864523170210609,0.13615402798128767
0.2257149875459638,0.12300244746547975,0.22675502161612854,0.8962817607670993,0.7402598317016563,0.5064321819147316,0.11888090578860486
0.14737414852328584,0.08637698867366134,0.06646842678416658,0.6558577232356466,0.19107056426690244,0.549206064359904,0.11433786900251787
0.24920483541961375,0.13476757455267713,0.6769501805291769,0.8716947998094571,0.7947568606430617,0.5406251566720464,0.13705803345385026
0.12183979125866654,0.07528974670924982,0.5909960466664615,0.4365976633308046,0.0555582017065111,0.571866600785826,0.10392600529737085
0.16478762469328506,0.09455128532750105,0.11945529919412637,0.7051210383628136,0.30880344335015564,0.5416068230424956,0.1160053463056706
0.18948964630358536,0.10594628779943252,0.4085023234233349,0.718528476190757,0.8728445431882984,0.4230668875953248,0.052588839771649784
0.23405159784758725,0.12870844245368557,0.7438353125580468,0.8084931191593839,0.04574431091460112,0.7398334101619568,0.24129397396870533
0.25882910496573325,0.13972186057657932,0.58505904792308,0.9335621896341189,0.3966980984254458,0.6668841562901232,0.21431295214448737
0.18874461905255752,0.10557564297242299,0.34979009978583203,0.7307199134493152,0.8175574740467711,0.435941114798051,0.06093475250009239
0.21340100635224882,0.1181332540053426,0.2902547927786882,0.843024819758541,0.10190385484895509,0.6773043422213424,0.20842626886811874
0.2841834523456054,0.15229638671687612,0.9577894823522592,0.9350241453530129,0.41565064306730837,0.7112107693663006,0.24082477915127112
0.16093993040800017,0.09319792171750929,0.6412342720512647,0.5611789972495892,0.5693697912307656,0.4795640826588012,0.06697264979481052
0.052141093148689435,0.042066577450195895,0.49430189357666426,0.205699871459237,0.09129813386380504,0.4588330624688046,0.013745623161020704
0.07207007204005106,0.05207012030602655,0.7757674342452139,0.21077984639963562,0.004429351239410722,0.5229018314373162,0.05131039942972995
0.19474262078906387,0.10990044949120398,0.9367176720548106,0.6142634197599437,0.4059561592190242,0.5861702812316424,0.1338913697966465
0.2207217391157488,0.12255416542436842,0.8420880481990495,0.7360401631911919,0.04107953907679299,0.7258967409244561,0.22556901705457233
0.18184866466770858,0.10268081601288663,0.15523696980787588,0.7585116307399533,0.31631162238591276,0.5649876062463434,0.13537599776784828
0.18335524432685174,0.10470531909912967,0.8232552371571339,0.6034843796864273,0.1262664242243487,0.6472822717602537,0.16629043784327285
0.23634391576609293,0.12977472878387003,0.8997360534520489,0.7767191136786514,0.24176435783239938,0.6917534029832412,0.21144262331137004
0.14921620236449068,0.08769097119910907,0.6519355976189383,0.5160942179011125,0.5466957626535005,0.46991016800702706,0.05642429603546972
0.1716704251734495,0.09809532263600233,0.5020709915022543,0.6344380905940976,0.5451253585032096,0.4967140709314382,0.08441057643166647
0.21758587409669491,0.11981691883763335,0.054635440026279444,0.9162322472776604,0.04845444070053721,0.6900866038402464,0.22300776852009585
0.1722158935577755,0.09822682194100099,0.10066469696776767,0.7382920063717996,0.1717052923762183,0.591414210329231,0.14756730953220715
0.16722702781477214,0.09623160444094793,0.8956380260018868,0.519324958544111,0.8248635499546533,0.42348314350918603,0.031910163234976474
0.21646091482899305,0.11928009499499564,0.5528170307017841,0.7843854452112422,0.6310085683703086,0.5372117548026782,0.12454665935734176
0.1544030521783363,0.09035793491294,0.541065690641556,0.5651384971462129,0.2630472119978276,0.5558217282069119,0.10958711900987088
0.2521646782025315,0.13626844254716863,0.45692415038136347,0.93969653201397,0.4659901165160072,0.6324711935220345,0.1952570652131435
0.06703113008966269,0.04885764275230159,0.27538749682835234,0.31393375822877295,0.0311326979969248,0.4894025654409723,0.04237351404661255
0.2591619815914788,0.13876589866146913,0.38633428717023044,0.976598646407621,0.987426307692242,0.4878515785259603,0.11845433544774893
0.18940877811070758,0.10684716966789434,0.5524946104325309,0.6890127087023662,0.3472040117398433,0.5814613769564159,0.13824937682160227
0.17057868002398524,0.09821698999540511,0.5022413266735091,0.6356487581911943,0.07374860982046219,0.6325259027185712,0.16039275850132076
0.22831049343994964,0.12588227754022688,0.9059661122372394,0.7451342477680927,0.3127289138861521,0.6598913054855818,0.19003136402640797
0.11151196525736896,0.0702017532733537,0.8045069297774534,0.34262237788780103,0.4478021794086342,0.4508130354916258,0.026391318068888343
0.13747532728698023,0.08172786361094928,0.09790118277535634,0.6120540656702885,0.1975333002737852,0.5344237031736817,0.10116188911415369
0.08774202012303738,0.0584195957404635,0.37582104000136596,0.36162178859621974,0.3329570973027771,0.43460493623722174,0.017704444064022613
0.21219526795054897,0.1173674235170781,0.2803963966315097,0.8395636503724425,0.23403856051470928,0.6367221409740562,0.18532237231838286
0.2264542524250055,0.12402104271677974,0.17781045453430772,0.9169983911472939,0.1900144864382372,0.6660059433137915,0.21017410074686874
0.1741773817345738,0.09854580303122015,0.27941983308258467,0.6946157060727753,0.8302029226281067,0.40894820026667716,0.04139435649074763
0.20438379870118573,0.11395063840072764,0.8501687293877129,0.6673515736107867,0.6873225653905262,0.51467046406768,0.09972096946480204
0.14287501494695565,0.08494201667882739,0.795372534083548,0.4583018636897992,0.5250948920164864,0.47251440709401143,0.05182091272106293
0.2553357811696049,0.13836743471287338,0.7263538253788598,0.8870696856769296,0.33920661356766946,0.6839137318942374,0.21906004996259495
0.2043413337273721,0.11316989652842455,0.5341539983039707,0.7419806656222658,0.8809821963748493,0.4464581876527275,0.06889366639219456
0.18744568811234985,0.10544487026921598,0.744045218170779,0.6288831104104319,0.9186395941502499,0.41926304264720693,0.041550359215879455
0.15387638952442334,0.08956930911781429,0.010364463318992156,0.69485488734903,0.0433789436856453,0.5994006694844994,0.14662928880418077
0.21096647625693216,0.11600160711830057,0.197942356887767,0.8498040774782019,0.7164709908660798,0.49133977456156847,0.10496624844018872
0.10054553521753845,0.06497458183100782,0.7894841375736426,0.3062452729555212,0.4535153682864341,0.43300918546993594,0.012186957372102403
0.25341425772198944,0.13707901151546836,0.9667853408355214,0.8153318325888067,0.8980097793391623,0.5272684006799048,0.12433085463894544
0.12940103298222608,0.07815275517114041,0.7241280267829403,0.42413434170333353,0.7414597637068967,0.3876796582686669,1.9952807794756944E-4
0.21459975577057328,0.11817740917602149,0.307551719622188,0.8386692382075662,0.5086352272381205,0.561129712845605,0.14312170282767436
0.1769736530809773,0.09979081039049126,0.10125051803724489,0.7498297338230338,0.6817899866302661,0.4495600620721116,0.0696853342311754
0.1879495596805706,0.10505959912166851,0.18994267392167846,0.7676594353441178,0.7344014770202208,0.4531141568690883,0.0741059348213882
0.18190767268052332,0.10292185172831123,0.18468913192145567,0.7529216595115712,0.19331560372732653,0.6020041896338123,0.15552777256371036
0.17880901988829526,0.10243787461311249,0.9877048761168857,0.5438256056757435,0.4014093258707576,0.5667466538190519,0.11513328430753438
0.16269056674743343,0.09419204096599865,0.5496399330847701,0.5923901907335989,0.3412276268929688,0.5451338558287034,0.10680016985210534
0.21609584594836717,0.11842011724956328,0.3143072876959143,0.838572275141547,0.8605296619227579,0.4609658023726103,0.08720454265268252
0.14183044729376765,0.0834361889918688,0.05145398659196319,0.6369266497712169,0.405554471702528,0.47827281625872686,0.072477692128632
0.2947888773655495,0.15696879754442686,0.9234882532605195,0.9795871065348365,0.6357569822999276,0.6608696807669934,0.21770910048300296
0.13623905163997876,0.08135231221158822,0.665989682711911,0.46363305586596915,0.7034784070217021,0.40630690520653456,0.014911913144030398
0.20436562713444176,0.11367847791376692,0.6292339990045174,0.721765910062148,0.6247465981073532,0.5246848103802861,0.11065061911371953
0.19447791047437793,0.10896684594422437,0.47240265418257055,0.7257114822723767,0.4621481379047111,0.552199343385619,0.1258020768778621
0.12341277731058996,0.07516309685857107,0.26994663106455663,0.5174939528382859,0.32549753171487084,0.48353543359545076,0.06256544258151683
0.13177717324610597,0.07863477116808985,0.14943004662250536,0.5748527714217739,0.5478456984861392,0.4261592728956912,0.036630128466189696
0.23831621187592467,0.12994973124463005,0.9881160407725547,0.7550296959650088,0.9051412629497215,0.5045290716704672,0.10476438022278262
0.2370656470219183,0.1302567382887111,0.9923710081660487,0.7567488770266297,0.24618423536692352,0.6949266560126303,0.21130512552042252
0.11764630907750273,0.07214882893018784,0.05783800965509106,0.5485412328732606,0.28695212206361875,0.4787071590869427,0.06254749679056715
0.19326585177620897,0.10867836262407549,0.9324483450793699,0.6056960827042244,0.7865711031521747,0.47300441627486634,0.06968896500937238
0.15076217398211889,0.08822154460565593,0.3107915445752749,0.6075318925591062,0.29872137226712003,0.5317127119083923,0.10003408452063575
0.2137131082573049,0.11788884959864315,0.7937756783277891,0.7118652681742922,0.9773713912018378,0.4413159481214278,0.0636539381689597
0.2678590761179282,0.14433606456874756,0.5089946902774208,0.988726776169016,0.06024284693158644,0.7749347825467698,0.2806936983973308
0.14409986355017182,0.08504881522326349,0.28085018741512624,0.5907917878709537,0.2758488425416121,0.5278008833484906,0.09579002840896828
0.223068112881168,0.12272195216602987,0.8838476033272745,0.7261550645758769,0.7863429136389755,0.5136135487450054,0.10606051418555451
0.2552537081808231,0.13783826047686618,0.5204962317253713,0.9355286240829421,0.46152646705488204,0.6405187869212448,0.1995412465253666
0.16206713148828672,0.09330185286490325,0.19201072720142404,0.6769283186522944,0.3640805473474248,0.5243248662261417,0.103410453436695
0.10831161646791101,0.06919977144293556,0.7553133390953339,0.3477817591584409,0.010962128905720459,0.5717341623944379,0.09430320485567772
0.17190373797275552,0.09927979574803293,0.7456830585183589,0.5816323495725703,0.0359641917513812,0.6544477218344903,0.16743921580804305
0.11694439017702385,0.07295507659594268,0.7416041331784943,0.3800191102028366,0.24210748110077027,0.516137207574398,0.06691788758274139
0.24454481986474166,0.13264623360278285,0.38774302400748584,0.9295602688835847,0.394359770184506,0.6399512422890568,0.19796935195597953
0.29219687783038967,0.15580770665368424,0.8693842365773967,0.9845584202780608,0.5233729235043727,0.687928277295754,0.23316245342880532
0.2344384172303616,0.1291816599358213,0.9115392681598041,0.7692850466542797,0.026893753483442626,0.7520958806361043,0.24433224809131604
0.11213564877408866,0.0708106202868492,0.7997194903097099,0.3486898636976201,0.21093591629976385,0.5205432525663968,0.066010727261536
0.05454620595203927,0.04379469572183839,0.8301569500839471,0.13318694082225174,0.047686391001937375,0.48741502799427416,0.022770903631178924
0.28950936249311476,0.15497566506765184,0.8656078011379431,0.9793455087158166,0.19328836273150157,0.7801545336354395,0.28404689816062395
0.22158254707440234,0.12140635303662721,0.377481608349201,0.8455425949006997,0.6486205573448238,0.5328539562085891,0.12842306008142224
0.1671949840929201,0.09535786654088177,0.43876164934847584,0.6293014832442011,0.9268878005396542,0.37676339657251934,0.01656342631988084
0.21507750641068848,0.11814301948679622,0.08776508769149205,0.894619820328452,0.44532157075309386,0.5721062407732379,0.15477085050180608
0.2510876658012412,0.13553526545217942,0.39419023223214994,0.9500277505484546,0.5575082162409079,0.6019462879262152,0.17913566382526672
0.2237679704066114,0.12208456629953111,0.2200135233920324,0.8909510378708018,0.7290277731633558,0.5066886529860881,0.11838019181016302
0.11190922335534194,0.07045941778918949,0.8975796460710243,0.3207788415614298,0.5048502554963702,0.43820590544015353,0.01722722350242161
0.19724891899071897,0.1111680643947805,0.9620129496192112,0.6175703860306241,0.376223708385474,0.5993334549340144,0.14173163287075718
0.17494167620515227,0.09958295940017399,0.4746330851382493,0.6528855492170158,0.5591326001923995,0.49626282717375214,0.0861704636374077
0.17247156344554931,0.09793411194007023,0.14848493292410384,0.7235746664941423,0.5328019259131238,0.48832937815361743,0.08850691146359467
0.1929049106539962,0.10828643790743156,0.6029799234765432,0.6870342863248091,0.566228206660074,0.5244788410046385,0.10641547962985201
0.13610715157406736,0.08234221062186942,0.848936081485244,0.4248721192783819,0.13962129764581382,0.5772097489574506,0.10665673703483723
0.12116237090815019,0.07478392902820552,0.5821127575988604,0.43489163093907,0.18166610633589853,0.5338274152699845,0.08244891890594722
0.12870857737543193,0.07766565966863268,0.17243883684079095,0.5617403146242737,0.216838266100637,0.5191064079151697,0.08711973988811679
0.1495281632937994,0.08786208914123492,0.41077920825256226,0.5792457119414345,0.24885811171657352,0.5481976344066988,0.10640192689193331
0.1876403270625724,0.10444285425121655,0.06710419055837019,0.7941716938007001,0.9385273121997367,0.38863766571184793,0.04063586580964845
0.12807553709190422,0.07649580119271031,0.022655618484459832,0.5907059287862305,0.6846179922363937,0.3763431084861613,0.0100999794774246
0.11894771927646154,0.07283538062111491,0.1486070708870309,0.5305879596859033,0.3409414269819325,0.46819058344636194,0.054989960128788
0.11466047464013304,0.07229266752162387,0.9903236421993176,0.3113699278638015,0.221781160143797,0.5280396867372801,0.06670305822694554
0.11803043247527091,0.07355382941710988,0.7952839583812026,0.37090578419607667,0.2424268285988338,0.519578183874593,0.06801667596608567
0.15025649685812653,0.08807703497697877,0.5624160261383446,0.5419604577456703,0.5213604515489745,0.4754507203918908,0.0621215716172059
0.23879908432108637,0.1299790214493074,0.15525805252698496,0.9686692163275301,0.08319797218772484,0.713835700866812,0.2427505929440878
0.16276787210200125,0.09395790503967291,0.34766729590209416,0.6422322875639198,0.30603987003752864,0.5480063562453735,0.11329480194769845
0.1811196354939295,0.10288586403067959,0.8482753179834882,0.5826942658723661,0.7165099768581976,0.4730398037673196,0.06669524251793918
0.10799958077997071,0.0691848857515658,0.8623957001328616,0.32028158188919975,0.037442288397534274,0.5675461472270797,0.08924757323960288
0.1290013025458852,0.07753949048228476,0.06962805603056565,0.5869945581781665,0.2926858878720877,0.4936076264904687,0.07535632946605897
0.09095090501814349,0.06079074816672735,0.9681184622075178,0.22844416787125935,0.3942248928334104,0.44327867737575577,0.009705139680617286
0.20108327315223962,0.11234440512589541,0.6389888484091704,0.7091122304006593,0.472936821537109,0.5646193844815243,0.13153271023209662
0.15028474642620515,0.08814798913388616,0.8584456030555043,0.4666441007270997,0.8233534389865452,0.3984709722223769,0.0117043805620023
0.14230705205974803,0.08320331543885436,0.04064905927277064,0.6376765868511111,0.7315252070518593,0.38356308704349135,0.01962916382567593
0.2349968560898567,0.12730272217352817,0.35051372705077105,0.897588254728112,0.956126416186426,0.46130814534017317,0.09436078061534314
0.19753753003756408,0.11111078976711097,0.7499487481030548,0.6713984190311106,0.2726467764630645,0.6220601635198216,0.15973045005612696
0.1809078257118934,0.10185648649759574,0.059860279277660126,0.7764324327605314,0.4847404803352834,0.5110341160844561,0.10690795576900988
0.2057321609569141,0.11430831791220443,0.5590859850534382,0.7445858318971363,0.5561106444674258,0.5440249525936043,0.12378509825024231
0.14416621852419154,0.08476344446465833,0.05354794421785033,0.646710353217142,0.24517162315745195,0.5284040392700555,0.10161059919977405
0.15919894720873667,0.09356324207472498,0.9729410119277707,0.4795452430585229,0.0769270195274258,0.6328881627832962,0.1445877146967079
0.2081930806432644,0.1157944138292226,0.4835701305862492,0.7755373458441601,0.23194119680256928,0.6391821274030205,0.1801737915789098
0.10993452943324852,0.06933915615362773,0.6163492349526342,0.3841655722771116,0.3138950914723029,0.4806130399745895,0.04702434285549056
0.17192285473839564,0.09821831339422271,0.09973502510365673,0.7385298202279598,0.07443005338034198,0.6193088606509871,0.16316806827028577
0.1989119387236568,0.11023657674305652,0.3377516037857125,0.7695849542007036,0.9188395151878415,0.42042801239573424,0.05670554429629325
0.24701513494693975,0.1328620117785764,0.13021932392813068,0.9967640372497322,0.799272533534804,0.5159205806361228,0.13536380486068653
0.19866931030702106,0.1107076925047508,0.16623005890855158,0.8174729671844287,0.28667675539050774,0.5979307390083877,0.16062373555258924
0.17622382275120105,0.10029132609120749,0.22246083667345584,0.7230328201510482,0.19120985974035548,0.5959426721959492,0.14885464758447842
0.10833464827808767,0.06886181155459176,0.6864690504605491,0.36265709654866685,0.18834471636666753,0.5175251859877363,0.06545419457461633
0.2566517149976688,0.13839338548766925,0.3896364375671064,0.9732933312287992,0.38839281785998914,0.6589625419821533,0.21364089735321262
0.2498855185060402,0.13543707298751217,0.24391669213802653,0.9880317217970365,0.03473003374974554,0.7469996201247708,0.26388302955560605
0.07231234234708679,0.05123903978527402,0.33885274687358546,0.31592360372385936,0.1941235718825563,0.45176562406795057,0.02185613630107043
0.2094227608389152,0.11579291188992798,0.35007764625615484,0.8094572285825674,0.5077165514651344,0.555618792626028,0.13685443435867367
0.16807916130011147,0.0972401095952905,0.8763913597600099,0.5323188644924761,0.3560936708577647,0.5605771995942116,0.10988539305123819
0.11654658290028358,0.07142230372760215,0.007060893348742714,0.5558670247955089,0.37953167446450264,0.4482841386793468,0.04618715069322269
0.24430519495051176,0.13272809625097193,0.5334865156923051,0.8929242244936014,0.4197426594060071,0.6376197373356924,0.19306103548411108
0.1340154572652821,0.0806954914179659,0.8481695154374234,0.4120736890411914,0.6226903319116535,0.4334454754203557,0.024893843367112353
0.14896268460604317,0.08664286878233943,0.11780161753273995,0.6445007128591165,0.6100639558543334,0.4312745380818669,0.04738937049473978
0.2655174668477378,0.14278463734030436,0.8844795516355245,0.8803111349232603,0.8234223448045241,0.5631472905041528,0.15151458939798046
0.09408201196108763,0.06103611019158289,0.008665244757670734,0.4756827062277345,0.19155371066635904,0.4712001884884751,0.04973752021801478
0.23206952737590297,0.12598277626944004,0.07252011320980106,0.9587344085304264,0.5831918454488579,0.5555096134459458,0.15283677384137295
0.294581597268293,0.15750412745919812,0.9247533914699253,0.9836967383555644,0.16962876313990777,0.7964494336640432,0.293900901699227
0.12599930972927428,0.07688844406205382,0.6544578406286413,0.43244188171726766,0.4039923482588472,0.4785985397369956,0.05163316165448035
0.20139721561435936,0.11179301876970044,0.5638273307746748,0.723790159713247,0.9022231154630065,0.43718602229203835,0.061743098817983996
0.15698737949008518,0.09197673041210881,0.593240899360192,0.564412652481064,0.03268130018091342,0.6285562601476863,0.15034320713825738
0.21409982251396284,0.11800589120693886,0.5321502814897487,0.7798036480655672,0.7217676381615963,0.5066437245920069,0.10685957963872034
0.2830539599037464,0.15180269847748576,0.692730847344147,0.9991979490670676,0.0766134449080666,0.7985689516607637,0.2958838277065602
0.23813342971173676,0.13025869346022198,0.8171668144211844,0.8014286161100279,0.41425452657650497,0.6409709569719988,0.18558345790827724
0.10049272521069583,0.0649599988008743,0.4841318414672026,0.384419175149165,0.09047871967198964,0.5273960770916848,0.07261487205577193
0.254830478394001,0.13815846777796445,0.771378575121469,0.8739346063017475,0.36913493424525645,0.6761447064825925,0.21339777142705846
0.21757684760530732,0.11978278679768307,0.6644242520318937,0.7596277867520081,0.7800901255718489,0.4994951067923869,0.10110334391873463
0.04453108145680926,0.038928750518123265,0.7532288942873206,0.1154143579494029,0.0474118771365054,0.47041167007650286,0.010896562879702096
0.14054004830572844,0.08312460192612352,0.20786957114158922,0.5945798787928457,0.3663060966501621,0.49367732490717475,0.07686022134478948
0.2677396730648832,0.14408572070640663,0.6257649495824655,0.9567688082362018,0.33914568613204865,0.6978251219273194,0.2344431249016153
0.14427130092011164,0.08451495686864546,0.2988124922378957,0.581773475207248,0.7507316326747093,0.39033228374372264,0.01805896036389678
0.16259691149575567,0.09438508393582648,0.8926521177092049,0.5060580937947629,0.5651529580282143,0.4924719237957727,0.0688919644805839
0.14645393623241842,0.08654141953726817,0.46188181369285847,0.5560526740211968,0.20805169436401771,0.5576156540041245,0.10920265258785604
0.19068223531690626,0.10687448431160895,0.23822818746205943,0.7695019670963068,0.40665560363657094,0.554291226009887,0.13102506981484627
0.18909492227514574,0.10548153248594587,0.191196571709649,0.7705237729187011,0.8249644554343025,0.42839849175901007,0.06063980626108891
0.14616017202461792,0.08636488359610699,0.7677909926981192,0.4762523146416502,0.5916031408535671,0.45677907323294376,0.044987698352916966
0.2512441893668633,0.13666703186096954,0.9933979050224133,0.8056470104364803,0.47419626551944105,0.6486690976524989,0.19112079035690704
0.1646958290242838,0.09477026904167749,0.2538251429522888,0.6724890698778367,0.2714394671202269,0.5573476440001327,0.121602779277261
0.15168282443161685,0.08790153311970061,0.24175238054381243,0.6223923112657975,0.776520052247126,0.39123221464208224,0.023005700533297074
0.1964156244107771,0.10912478042064824,0.3926473308502047,0.7469940144079957,0.9303734982363576,0.41555613122110263,0.05161198677767909
0.08373361701173732,0.057721430420972115,0.9988423772670908,0.1971298447985039,0.1715500625880423,0.49904963937164987,0.037366716290922725
0.1617789076074423,0.09385250765604551,0.3380750130499741,0.6440615120995252,0.026836038944372864,0.6276039518700097,0.15791487378848268
0.06782927780120795,0.04866958859102626,0.09074403203716024,0.3595406060801265,0.23417149438758136,0.4245240197532341,0.010618906979676296
0.07928384006094309,0.055198973509515095,0.7098025587471274,0.2516171336670226,0.14092209351627752,0.4909318462639651,0.03788874154456119
0.20276390918287135,0.11316178057128629,0.7839217543586237,0.6782554672852046,0.6260095294033068,0.5277781073941806,0.10801650685336744
0.2177675773431189,0.12054952049729817,0.7783133489942855,0.7366663898396868,0.4134067954522065,0.6108397131091591,0.16111770388274285
0.17306404268213224,0.09859560784100932,0.3509208159766498,0.6769563196688537,0.4873214135993479,0.5099320522496382,0.09605401953754246
0.19243443538009514,0.10784325495658954,0.12860718317290853,0.8051265157269348,0.17679225563723888,0.6196961823007141,0.17119298326697188
0.15996448432245206,0.09243477017936093,0.46487089708214996,0.6003710462577235,0.5862998631424331,0.4667037038418633,0.0635617027305921
0.16893868654911773,0.09624487463878359,0.14963759470583227,0.7102761557289892,0.545515798702418,0.47964760952328195,0.08212895295606577
0.12445151186193718,0.07574551933498312,0.3269551936789079,0.5074046647142548,0.32520041841166375,0.4872122831901299,0.06369751799607073
0.19795848597707597,0.11037716612572403,0.07981241617607104,0.8370875829848683,0.18149927748789174,0.624363817289269,0.17727984781746364
0.27625805012742405,0.14771870185864597,0.7369914059748073,0.9560023518313068,0.7659576311890843,0.5896830739529276,0.1744390188604492
0.21922047498487007,0.11979886517789666,0.14914760334677393,0.8914691123449761,0.7433686947331504,0.4934200644855316,0.11072812596881072
0.04895653263823743,0.04068537871006372,0.5594360687979532,0.17843990002065024,0.07291258547093078,0.46208139782794666,0.012691503362477416
0.23078379838546886,0.126033814070188,0.6904298921089611,0.801047072554041,0.8149627285827099,0.5090632961059628,0.1113373703820404
0.05641811153357653,0.044902538745197826,0.9767109421064947,0.10424873912617014,0.05514273499448094,0.4933374982996024,0.023363688884435907
0.13146073937557753,0.0796894276836648,0.46559297053148985,0.5025141221986229,0.026683526309322074,0.5892996410065113,0.1207333197528744
0.20057080630669788,0.11136451552242745,0.4211000662287723,0.7570651833621002,0.7634147544450525,0.4711662926211485,0.08395010547800352
0.18714646591226608,0.10526665446155078,0.2777415049940317,0.747036734882922,0.4029123803379088,0.5518236008618091,0.12722302826762405
0.1406353536533116,0.08429400685723933,0.6225492477311999,0.49782796283459596,0.019074549725502626,0.610374080634062,0.13263058993834567
0.2668893519142055,0.14337029862657008,0.9545689176614689,0.8668163031525792,0.9524567512878481,0.5300961168693313,0.13179932134787145
0.09650129415806757,0.06327361160059365,0.791825485325208,0.2926666359659258,0.29745228218139774,0.4728256526871988,0.032864732081085375
0.0885243091316093,0.05847832955702341,0.20390696183985557,0.4059905502398685,0.36311395534297547,0.42055287327359475,0.014244408089137137
0.2393274324610326,0.13066885582826504,0.9834470505979854,0.7618784812422511,0.7225526317836837,0.5589981012038869,0.13595211610478866
0.2654252054569288,0.1422487521626435,0.4634161361845853,0.9838882176239846,0.696701553608296,0.5843253530794299,0.17349842061273643
0.14673240923821307,0.08588557122654417,0.04121532527846736,0.6584578306356449,0.29997808717242086,0.5156225467166184,0.09577609829427682
0.19877636596948559,0.11045444758856951,0.08106489095551522,0.8372064549152084,0.41192310877111116,0.5584280606474121,0.14047823854073155
0.25750426506215635,0.13838539321084692,0.44166519769555324,0.9596883808570293,0.7529667567832283,0.5558686188113977,0.1547217453750076
0.27530466940101056,0.14761865236051586,0.9133539144909062,0.9101951402619388,0.7116421646588655,0.6106967168448287,0.1816395978525998
0.24540716848130928,0.13327425355100322,0.917571530039142,0.7986728010202333,0.8489391598335088,0.5283650153283244,0.12281083529049104
0.162908292050283,0.09395018688200656,0.3957150644928621,0.6298182697484448,0.416752547625835,0.5177267956832484,0.0951580151069771
0.18132891191373382,0.10225635404059472,0.3375370762505694,0.708422525018543,0.6599842414050531,0.4708659284113337,0.07781245080729896
0.1478196697071878,0.08659939084740592,0.6124446941414031,0.5176064470301458,0.8180578072610216,0.3873877207037191,0.010347167712179715
0.09192604219648497,0.060418182500320466,0.4534264730023154,0.35710992699488925,0.4112683521247361,0.4206086703223547,0.009698776632128196
0.17954773062922913,0.10133437303349631,0.263927601167555,0.7201615150548346,0.6319566615665554,0.4737721230036531,0.08047613964366092
0.2626815084719732,0.14147242060380652,0.7465783661307803,0.9055845807229826,0.6397575025916009,0.6075221892992254,0.17862346858467343
0.14916582516532542,0.0866455180437174,0.21010117360354175,0.6208123106992105,0.7865525478359553,0.3835585688883046,0.018403157945161074
0.07019449687437287,0.05035454708258737,0.25412698672134293,0.3308989449112525,0.007761980828751777,0.49991888633719367,0.05011333313924656
0.11815639146530146,0.07270744458654949,0.36741943884446304,0.47363151295456807,0.4132752070672041,0.454103951462502,0.04148379389467456
0.1314114392858653,0.07965398212570057,0.6859788000073169,0.4457367458029757,0.2920642518571569,0.5200728119741864,0.07646245165614264
0.192633171067354,0.10761087156274297,0.45734687590508183,0.7188995434195734,0.8003543904406654,0.4504682592428812,0.06814180006486552
0.22510288658333613,0.12374504524764435,0.8883189490094286,0.7329088727693565,0.7479662293126,0.527853302539243,0.11481093787978137
0.1797978437163843,0.10204850371939361,0.7392188424091857,0.6041052436739498,0.745421465692639,0.458692304309422,0.060688906732558195
0.12187039917301097,0.07372177846677466,0.0020286093144790407,0.5747359665311786,0.5381767126534015,0.40943361246346377,0.026647830971927567
0.16456190773385027,0.09430933892059556,0.3087259585480471,0.6546705669987162,0.6286985285163176,0.4550901100230256,0.06267668536422802
0.15837460356902935,0.09117342787214154,0.030304431771399357,0.701820924807183,0.45560531021416034,0.4864109675855824,0.0844211152121248
0.13726305634992506,0.08175206837353313,0.5341629023648891,0.5004612826230261,0.6131084938766871,0.42920594544608814,0.03138734283268646
0.2658241313090731,0.1425022758529908,0.6498059796701527,0.9380873535481142,0.8659805120599133,0.5424780909899266,0.14563892640406825
0.2497811412838577,0.13504610837677902,0.35663127749193485,0.9559580665606762,0.41795711233526833,0.6393613471626763,0.2005536387015256
0.054998895717702674,0.04397383716773499,0.9080466046622234,0.11457948317089736,0.16440653203350364,0.456935410880362,0.003934930240110409
0.12284019561238979,0.07509651612210172,0.3205830912149524,0.5041024478047684,0.2333368033392472,0.5114550602808429,0.07682720868528364
0.1823368404542544,0.10262495341912231,0.34198909823187285,0.7100625536567735,0.7455739427170425,0.4475227881884215,0.06498513534462999
0.25317928432370057,0.13601396046890232,0.3154118612209182,0.9736509344355657,0.843942785857277,0.5185308830156222,0.13494399686467404
0.15014706501232916,0.08819642844922483,0.258948844322119,0.6207618920089414,0.0418319084059765,0.6037722105939478,0.14158012825627941
0.29294662221980156,0.15646309558538643,0.9121387930009373,0.9787892344603688,0.35157601762927304,0.7406400002129266,0.2621149567952749
0.21916087102533696,0.12016657453046553,0.12581905090318124,0.9004757577477358,0.42397979601434477,0.5855384239665441,0.16310991271009798
0.08000103951080503,0.05454247001819103,0.11194905960694959,0.3993374663693626,0.18056200804818387,0.4582265137726452,0.03412260558933059
0.15641130995865596,0.09201414351679892,0.9974190283567032,0.4612389739126905,0.2739550759382519,0.5724221884124532,0.10881334304400518
0.17555541717827683,0.09925648785361882,0.018363837571685804,0.7670367892218558,0.4837629610789633,0.5021748353054213,0.1006993747594692
0.23046985734449832,0.12558262269639642,0.11586058079803058,0.9447233973553668,0.36957952606385785,0.6170896469716055,0.1857929946018784
0.19610942860777714,0.11080042185647213,0.9057138494949483,0.6292609009355261,0.18358814527164513,0.6517593399629797,0.17211696049958408
0.12110892884118395,0.07345371533861095,0.14278010439037736,0.5366365354038041,0.6335384001334563,0.3857840271876724,0.009644635094015454
0.20090454399280655,0.11153482619863565,0.5755213465849607,0.7187936293654802,0.934114539565395,0.4276267176244563,0.055878130878858456
0.20287360087339412,0.11270296393152394,0.7622786695158338,0.6800197560994065,0.9778255003243832,0.4246139027564448,0.05051755970099414
0.1721637565273661,0.09813048117600402,0.2153071700605576,0.7081251254073446,0.35798788944219084,0.5413102684567352,0.11659522948991784
0.1527090069855878,0.0886580549206532,0.14831675375156522,0.65230033548124,0.46826527313283317,0.47904874277832865,0.07509828835149021
0.12088918930320176,0.07440040096506345,0.45140908633402166,0.46532206122845826,0.21711350502812815,0.5182624624330537,0.07671126768331706
0.20418967658073867,0.11397365024303593,0.5910003273095064,0.7340269645503466,0.3008655057029836,0.6173940491885221,0.16367437165710405
0.21731370951807633,0.12005486879744418,0.9996061483560205,0.6759905219510225,0.8772995590353772,0.4832263038677867,0.08379584114182428
0.22580935916934103,0.12354050160910032,0.07713694276365726,0.9390233018385444,0.20202614161843507,0.6578556652763272,0.2077350979663427
0.2417797733368845,0.13149858832163588,0.6552808958800671,0.8522256395509202,0.5858273392293329,0.5901523993020237,0.16237642946519354
0.18563975010919082,0.10482561988156254,0.3263193440121417,0.7313262469764612,0.2580735067037733,0.5936897309050523,0.14899657666325672
0.1781718049409177,0.10192701519728463,0.7503571463511066,0.6006385073888635,0.27943808691575894,0.5925801596652263,0.13510366796757625
0.17310233273721748,0.0990584606601395,0.718652572505066,0.58646598908997,0.5870114917656511,0.4945759196826688,0.07860413950616171
0.2178500268796953,0.12001730270583308,0.3584908189694982,0.8399141531682374,0.3465182211395974,0.6148772418760159,0.17349699178574612
0.1553102513887711,0.09111212590602866,0.8134836627492502,0.5012643605103715,0.34064230441848736,0.54460351862165,0.09711307568991615
0.1257594158871723,0.07700136619514775,0.5184401593976615,0.4682933264971228,0.07847652947897621,0.5680666078325938,0.10515230178760818
0.14369353908335192,0.08518293265840636,0.48444490187932954,0.5397922427356329,0.2716904002676364,0.5359863283415045,0.09534385710664157
0.19952979421358255,0.11145818221288535,0.35276855727411927,0.7755958199389977,0.25073135337115227,0.6165461206012527,0.16698199061606825
0.1230941408556532,0.07566762443620999,0.725245452054885,0.40498033527643107,0.37151408200425995,0.4865600772900922,0.05321189653982117
0.2349060005042864,0.1282795376918017,0.6968702246729261,0.8168182359528341,0.6064357812867357,0.5759229487948067,0.15052148647521252
0.16236635334513877,0.0941373565983158,0.5144190414071268,0.6010481091541371,0.22722826082775513,0.5765857237578864,0.12521285121203293
0.17925327727444532,0.10040128751695189,0.0075866089486063175,0.7783040935192299,0.919380926719293,0.38009248676175034,0.033778943941080955
0.09992889561626303,0.0644460577011864,0.46911138235079286,0.3841931271146478,0.2551624431022834,0.4780498768828741,0.04496820141373767
0.24275992424754655,0.1319310686691341,0.21110565334988796,0.9694067154829993,0.09249488230207376,0.7188257782614424,0.24586051360374034
0.2351097642351543,0.12858636405961088,0.6736981572254315,0.8252238829639762,0.42426310568847825,0.6284372268069398,0.1807183772431206
0.18744166590367056,0.10593267459365366,0.7085815922768375,0.6419713438416597,0.5159261621990762,0.5352906419056218,0.10770311547987865
0.23425606251008657,0.128552959578156,0.759134837722345,0.8032490239973834,0.24980655320976236,0.6812286845658958,0.20802725675088632
0.12816741529824993,0.07787039554582129,0.2885417331763881,0.533780679543961,0.011593501581333394,0.5824508349856122,0.11976186819196381
0.2891438957269393,0.15390954870795925,0.8693211559835389,0.9697469669890482,0.8566876277558657,0.5864618652256615,0.1747907509288686
0.24837834106577933,0.133932819647448,0.439549464887045,0.9259128509739633,0.8455951597390984,0.5158319512883509,0.1284571358352248
0.22246509086482386,0.12179922458945963,0.33866542047195336,0.8585033907328179,0.6220989711137985,0.540396554187987,0.13396526072043685
0.11709318561604276,0.07301336527756996,0.5901670390173719,0.4192842406958842,0.07489382580905717,0.5594572388539908,0.09499465142452385
0.25019499774946313,0.1354967549526896,0.8950553341549894,0.8215199816422645,0.8566204948171887,0.5320945091932316,0.12743411600163973
0.18034216458889238,0.10146409753479743,0.052335423358504274,0.7752808920899525,0.5677910483972771,0.4857507932120266,0.09262394152860526
0.19200274095834607,0.10724841236309118,0.30444323145728136,0.7552781303869194,0.6694905779548735,0.4820345633486709,0.08931552903189235
0.21836329592082115,0.12046812024879566,0.6855938300408267,0.7596287999404082,0.5739088083025183,0.5614778652851837,0.13580693551470116
0.25064765817786666,0.1364609964404647,0.9517801294899412,0.8147693774096143,0.3692347210563022,0.6768632116186445,0.207740552319852
0.1390768427033504,0.08168517193598591,0.07322644349082696,0.6176519810311937,0.7603670422539861,0.371777262372482,0.010875611655697351
0.12774013639059414,0.0775161784825258,0.7862818722133782,0.4033781323084698,0.702828907228897,0.398881765414273,0.004324897859810085
0.12532068765078794,0.07672680951365893,0.8993377983287245,0.3685000417544332,0.5709450088381591,0.4380674052038088,0.022664565917569622
0.21531038935376912,0.11977312986839007,0.7640389997473407,0.7345462297440692,0.11057482971826676,0.695062617533964,0.207844957245062
0.17973313211696978,0.10067167133623485,0.09982139034477011,0.7567600612804042,0.994949487868557,0.3621748648173178,0.02168028811700956
0.189790282746772,0.10565709987710921,0.014532452068168167,0.8170878039741453,0.7329630441712183,0.4496430294765642,0.07712362177216883
